MSC = [[0.24375, 0.0875, 0.0875, 0.09], [0.16075, 0.09, 0.015, 0.015], [0.184, 0.095, 0.09, 0.09], [0.146, 0.0975, 0.0225, 0.05], [0.19774999999999998, 0.0875, 0.03, 0.03], [0.1735, 0.0975, 0.015, 0.015], [0.16074999999999998, 0.09, 0.02, 0.02], [0.199, 0.095, 0.0325, 0.0375], [0.2, 0.09, 0.0875, 0.0875], [0.21225, 0.0875, 0.0975, 0.0975]]

Precision = [[0.6583839100164603, 0.9722222222222222, 0.9473684210526315, 0.9459459459459459], [0.7735587774380224, 0.9459459459459459, 0.9701492537313433, 0.9701492537313433], [0.6246498915671848, 0.918918918918919, 0.9459459459459459, 0.9459459459459459], [0.6986888146177567, 0.875, 0.96875, 0.9622641509433962], [0.6493859143269014, 0.9722222222222222, 0.9672131147540983, 0.9672131147540983], [0.6853761448023744, 0.9166666666666666, 0.9701492537313433, 0.9701492537313433], [0.7357827656284004, 0.9459459459459459, 0.9692307692307692, 0.9692307692307692], [0.6553770361382165, 0.9696969696969697, 0.8783783783783784, 0.875], [0.6613402001401836, 0.9459459459459459, 0.9473684210526315, 0.9473684210526315], [0.7042582366004128, 0.9722222222222222, 0.96875, 1.0]]

Recall = [[0.536231884057971, 0.5072463768115942, 0.5217391304347826, 0.5072463768115942], [0.5550724637681159, 0.5072463768115942, 0.9420289855072463, 0.9420289855072463], [0.5043478260869566, 0.4927536231884058, 0.5072463768115942, 0.5072463768115942], [0.5420289855072464, 0.5072463768115942, 0.8985507246376812, 0.7391304347826086], [0.5362318840579711, 0.5072463768115942, 0.855072463768116, 0.855072463768116], [0.491304347826087, 0.4782608695652174, 0.9420289855072463, 0.9420289855072463], [0.5695652173913043, 0.5072463768115942, 0.9130434782608695, 0.9130434782608695], [0.48985507246376814, 0.463768115942029, 0.9420289855072463, 0.9130434782608695], [0.5043478260869566, 0.5072463768115942, 0.5217391304347826, 0.5217391304347826], [0.5840579710144927, 0.5072463768115942, 0.4492753623188406, 0.43478260869565216]]

F1_score = [[0.5079251749459964, 0.6666666666666666, 0.6728971962616822, 0.660377358490566], [0.6056532275002626, 0.660377358490566, 0.9558823529411764, 0.9558823529411764], [0.5066231647878918, 0.6415094339622641, 0.660377358490566, 0.660377358490566], [0.5874041542609013, 0.6422018348623854, 0.9323308270676692, 0.8360655737704918], [0.5332060527503997, 0.6666666666666666, 0.9076923076923077, 0.9076923076923077], [0.545571314708077, 0.6285714285714286, 0.9558823529411764, 0.9558823529411764], [0.5875648976952526, 0.660377358490566, 0.9402985074626865, 0.9402985074626865], [0.48033584195848944, 0.6274509803921569, 0.9090909090909092, 0.8936170212765957], [0.5181387222943052, 0.660377358490566, 0.6728971962616822, 0.6728971962616822], [0.5714913115048983, 0.6666666666666666, 0.6138613861386139, 0.6060606060606061]]

Average and standard deviation for AV, MV, AR, LR

MSC = [0.187775 0.09175  0.04975  0.05325 ] +- [0.02744277 0.00388104 0.03388307 0.03265444]

Precision = [0.68468017 0.94347871 0.95333036 0.95532669] +- [0.04246781 0.0303243  0.02688913 0.03083759]

Recall = [0.53130435 0.49855072 0.74927536 0.72753623] +- [0.03121969 0.01477977 0.20588384 0.20058725]

F1_score = [0.54439139 0.65208658 0.82212104 0.80891506] +- [0.03984534 0.01487752 0.13814887 0.13487275]


################### Average ###################

MSC =  [0.24375, 0.16075, 0.184, 0.146, 0.19774999999999998, 0.1735, 0.16074999999999998, 0.199, 0.2, 0.21225]  

Precision =  [0.6583839100164603, 0.7735587774380224, 0.6246498915671848, 0.6986888146177567, 0.6493859143269014, 0.6853761448023744, 0.7357827656284004, 0.6553770361382165, 0.6613402001401836, 0.7042582366004128]  

Recall =  [0.536231884057971, 0.5550724637681159, 0.5043478260869566, 0.5420289855072464, 0.5362318840579711, 0.491304347826087, 0.5695652173913043, 0.48985507246376814, 0.5043478260869566, 0.5840579710144927]  

F1_score =  [0.5079251749459964, 0.6056532275002626, 0.5066231647878918, 0.5874041542609013, 0.5332060527503997, 0.545571314708077, 0.5875648976952526, 0.48033584195848944, 0.5181387222943052, 0.5714913115048983]  

MSC_average = [0.187775 , 0.027442769995027837 ]

Precision_average = [0.6846801691275913 , 0.042467810498522586 ]

Recall_average = [0.5313043478260869 , 0.031219692297419516 ]

F1_score_average = [0.5443913862406473 , 0.039845340505335475 ]


################### Majority Voting  ###################

MSC =  [0.0875, 0.09, 0.095, 0.0975, 0.0875, 0.0975, 0.09, 0.095, 0.09, 0.0875]  

Precision =  [0.9722222222222222, 0.9459459459459459, 0.918918918918919, 0.875, 0.9722222222222222, 0.9166666666666666, 0.9459459459459459, 0.9696969696969697, 0.9459459459459459, 0.9722222222222222]  

Recall =  [0.5072463768115942, 0.5072463768115942, 0.4927536231884058, 0.5072463768115942, 0.5072463768115942, 0.4782608695652174, 0.5072463768115942, 0.463768115942029, 0.5072463768115942, 0.5072463768115942]  

F1_score =  [0.6666666666666666, 0.660377358490566, 0.6415094339622641, 0.6422018348623854, 0.6666666666666666, 0.6285714285714286, 0.660377358490566, 0.6274509803921569, 0.660377358490566, 0.6666666666666666]  

MSC_average = [0.09175 , 0.0038810436740650094 ]

Precision_average = [0.9434787059787059 , 0.030324297378014536 ]

Recall_average = [0.49855072463768124 , 0.01477976670606605 ]

F1_score_average = [0.6520865753259932 , 0.014877523735645668 ]


################### Total Robustness ###################

MSC =  [0.0875, 0.015, 0.09, 0.0225, 0.03, 0.015, 0.02, 0.0325, 0.0875, 0.0975]  

Precision =  [0.9473684210526315, 0.9701492537313433, 0.9459459459459459, 0.96875, 0.9672131147540983, 0.9701492537313433, 0.9692307692307692, 0.8783783783783784, 0.9473684210526315, 0.96875]  

Recall =  [0.5217391304347826, 0.9420289855072463, 0.5072463768115942, 0.8985507246376812, 0.855072463768116, 0.9420289855072463, 0.9130434782608695, 0.9420289855072463, 0.5217391304347826, 0.4492753623188406]  

F1_score =  [0.6728971962616822, 0.9558823529411764, 0.660377358490566, 0.9323308270676692, 0.9076923076923077, 0.9558823529411764, 0.9402985074626865, 0.9090909090909092, 0.6728971962616822, 0.6138613861386139]  

MSC_average = [0.04975 , 0.033883070994229554 ]

Precision_average = [0.9533303557877142 , 0.026889130542607255 ]

Recall_average = [0.7492753623188405 , 0.20588383557047976 ]

F1_score_average = [0.8221210394348469 , 0.13814886957909348 ]


################### Largest Robustness ###################

MSC =  [0.09, 0.015, 0.09, 0.05, 0.03, 0.015, 0.02, 0.0375, 0.0875, 0.0975]  

Precision =  [0.9459459459459459, 0.9701492537313433, 0.9459459459459459, 0.9622641509433962, 0.9672131147540983, 0.9701492537313433, 0.9692307692307692, 0.875, 0.9473684210526315, 1.0]  

Recall =  [0.5072463768115942, 0.9420289855072463, 0.5072463768115942, 0.7391304347826086, 0.855072463768116, 0.9420289855072463, 0.9130434782608695, 0.9130434782608695, 0.5217391304347826, 0.43478260869565216]  

F1_score =  [0.660377358490566, 0.9558823529411764, 0.660377358490566, 0.8360655737704918, 0.9076923076923077, 0.9558823529411764, 0.9402985074626865, 0.8936170212765957, 0.6728971962616822, 0.6060606060606061]  

MSC_average = [0.05325 , 0.03265444073935427 ]

Precision_average = [0.9553266855335474 , 0.03083758775186048 ]

Recall_average = [0.7275362318840579 , 0.20058724958604005 ]

F1_score_average = [0.8089150635387854 , 0.13487274900374177 ]