MSC = [[0.0975, 0.0925, 0.0225, 0.0225], [0.10875000000000001, 0.09, 0.0325, 0.035], [0.19174999999999998, 0.09, 0.0925, 0.0925], [0.16725, 0.09, 0.09, 0.0925], [0.11850000000000001, 0.0925, 0.035, 0.0375], [0.1105, 0.09, 0.015, 0.015], [0.18925, 0.12, 0.0225, 0.02], [0.25200000000000006, 0.095, 0.0925, 0.0925], [0.194, 0.1, 0.0375, 0.035], [0.16724999999999998, 0.0875, 0.02, 0.02]]

Precision = [[0.9302814949957806, 0.9444444444444444, 0.96875, 0.96875], [0.796889180433374, 0.9459459459459459, 0.8783783783783784, 0.8666666666666667], [0.6844210012829564, 0.9459459459459459, 0.9444444444444444, 0.9444444444444444], [0.7903333401703609, 0.9714285714285714, 0.9459459459459459, 0.9444444444444444], [0.821853489647905, 0.9444444444444444, 0.9661016949152542, 0.9821428571428571], [0.8374556489262371, 0.9714285714285714, 0.9701492537313433, 0.9701492537313433], [0.5525505290867292, 0.8620689655172413, 0.96875, 0.9841269841269841], [0.6455803696013782, 0.8974358974358975, 0.9444444444444444, 0.9444444444444444], [0.6017171176698903, 0.8918918918918919, 0.95, 0.9661016949152542], [0.7435852888798741, 0.9722222222222222, 0.9692307692307692, 0.9692307692307692]]

Recall = [[0.4782608695652174, 0.4927536231884058, 0.8985507246376812, 0.8985507246376812], [0.589855072463768, 0.5072463768115942, 0.9420289855072463, 0.9420289855072463], [0.5000000000000001, 0.5072463768115942, 0.4927536231884058, 0.4927536231884058], [0.501449275362319, 0.4927536231884058, 0.5072463768115942, 0.4927536231884058], [0.5289855072463767, 0.4927536231884058, 0.8260869565217391, 0.7971014492753623], [0.555072463768116, 0.4927536231884058, 0.9420289855072463, 0.9420289855072463], [0.3840579710144928, 0.36231884057971014, 0.8985507246376812, 0.8985507246376812], [0.5594202898550725, 0.5072463768115942, 0.4927536231884058, 0.4927536231884058], [0.49855072463768113, 0.4782608695652174, 0.8260869565217391, 0.8260869565217391], [0.5855072463768115, 0.5072463768115942, 0.9130434782608695, 0.9130434782608695]]

F1_score = [[0.6108745440321892, 0.6476190476190476, 0.9323308270676692, 0.9323308270676692], [0.6537702870466516, 0.660377358490566, 0.9090909090909092, 0.9027777777777778], [0.5154796434450712, 0.660377358490566, 0.6476190476190476, 0.6476190476190476], [0.5733641427206373, 0.6538461538461539, 0.660377358490566, 0.6476190476190476], [0.6227785896478959, 0.6476190476190476, 0.890625, 0.8799999999999999], [0.6514008926700379, 0.6538461538461539, 0.9558823529411764, 0.9558823529411764], [0.42093543561623203, 0.5102040816326531, 0.9323308270676692, 0.9393939393939393], [0.5139152760758345, 0.6481481481481483, 0.6476190476190476, 0.6476190476190476], [0.5036128114281226, 0.6226415094339622, 0.8837209302325583, 0.890625], [0.5946578435561058, 0.6666666666666666, 0.9402985074626865, 0.9402985074626865]]

Average and standard deviation for AV, MV, AR, LR

MSC = [0.159675 0.09475  0.046    0.04625 ] +- [0.04721547 0.00904503 0.0306227  0.03108959]

Precision = [0.74046675 0.93472569 0.95061949 0.95405016] +- [0.11155658 0.03611807 0.02634803 0.03233799]

Recall = [0.51811594 0.48405797 0.77391304 0.76956522] +- [0.05781592 0.04160203 0.18482665 0.18632632]

F1_score = [0.56607895 0.63713455 0.83998948 0.83841655] +- [0.07163164 0.04378778 0.12492862 0.12688688]


################### Average ###################

MSC =  [0.0975, 0.10875000000000001, 0.19174999999999998, 0.16725, 0.11850000000000001, 0.1105, 0.18925, 0.25200000000000006, 0.194, 0.16724999999999998]  

Precision =  [0.9302814949957806, 0.796889180433374, 0.6844210012829564, 0.7903333401703609, 0.821853489647905, 0.8374556489262371, 0.5525505290867292, 0.6455803696013782, 0.6017171176698903, 0.7435852888798741]  

Recall =  [0.4782608695652174, 0.589855072463768, 0.5000000000000001, 0.501449275362319, 0.5289855072463767, 0.555072463768116, 0.3840579710144928, 0.5594202898550725, 0.49855072463768113, 0.5855072463768115]  

F1_score =  [0.6108745440321892, 0.6537702870466516, 0.5154796434450712, 0.5733641427206373, 0.6227785896478959, 0.6514008926700379, 0.42093543561623203, 0.5139152760758345, 0.5036128114281226, 0.5946578435561058]  

MSC_average = [0.15967499999999998 , 0.047215470187217244 ]

Precision_average = [0.7404667460694486 , 0.11155657567696199 ]

Recall_average = [0.5181159420289856 , 0.057815915708572405 ]

F1_score_average = [0.5660789466238778 , 0.07163164314857152 ]


################### Majority Voting  ###################

MSC =  [0.0925, 0.09, 0.09, 0.09, 0.0925, 0.09, 0.12, 0.095, 0.1, 0.0875]  

Precision =  [0.9444444444444444, 0.9459459459459459, 0.9459459459459459, 0.9714285714285714, 0.9444444444444444, 0.9714285714285714, 0.8620689655172413, 0.8974358974358975, 0.8918918918918919, 0.9722222222222222]  

Recall =  [0.4927536231884058, 0.5072463768115942, 0.5072463768115942, 0.4927536231884058, 0.4927536231884058, 0.4927536231884058, 0.36231884057971014, 0.5072463768115942, 0.4782608695652174, 0.5072463768115942]  

F1_score =  [0.6476190476190476, 0.660377358490566, 0.660377358490566, 0.6538461538461539, 0.6476190476190476, 0.6538461538461539, 0.5102040816326531, 0.6481481481481483, 0.6226415094339622, 0.6666666666666666]  

MSC_average = [0.09475 , 0.009045026257562773 ]

Precision_average = [0.9347256900705174 , 0.03611807318269213 ]

Recall_average = [0.48405797101449277 , 0.04160202925915167 ]

F1_score_average = [0.6371345525792965 , 0.04378778181606458 ]


################### Total Robustness ###################

MSC =  [0.0225, 0.0325, 0.0925, 0.09, 0.035, 0.015, 0.0225, 0.0925, 0.0375, 0.02]  

Precision =  [0.96875, 0.8783783783783784, 0.9444444444444444, 0.9459459459459459, 0.9661016949152542, 0.9701492537313433, 0.96875, 0.9444444444444444, 0.95, 0.9692307692307692]  

Recall =  [0.8985507246376812, 0.9420289855072463, 0.4927536231884058, 0.5072463768115942, 0.8260869565217391, 0.9420289855072463, 0.8985507246376812, 0.4927536231884058, 0.8260869565217391, 0.9130434782608695]  

F1_score =  [0.9323308270676692, 0.9090909090909092, 0.6476190476190476, 0.660377358490566, 0.890625, 0.9558823529411764, 0.9323308270676692, 0.6476190476190476, 0.8837209302325583, 0.9402985074626865]  

MSC_average = [0.046 , 0.030622703995565114 ]

Precision_average = [0.9506194931090579 , 0.026348030678221532 ]

Recall_average = [0.7739130434782608 , 0.18482665005136067 ]

F1_score_average = [0.839989480759133 , 0.12492861624748791 ]


################### Largest Robustness ###################

MSC =  [0.0225, 0.035, 0.0925, 0.0925, 0.0375, 0.015, 0.02, 0.0925, 0.035, 0.02]  

Precision =  [0.96875, 0.8666666666666667, 0.9444444444444444, 0.9444444444444444, 0.9821428571428571, 0.9701492537313433, 0.9841269841269841, 0.9444444444444444, 0.9661016949152542, 0.9692307692307692]  

Recall =  [0.8985507246376812, 0.9420289855072463, 0.4927536231884058, 0.4927536231884058, 0.7971014492753623, 0.9420289855072463, 0.8985507246376812, 0.4927536231884058, 0.8260869565217391, 0.9130434782608695]  

F1_score =  [0.9323308270676692, 0.9027777777777778, 0.6476190476190476, 0.6476190476190476, 0.8799999999999999, 0.9558823529411764, 0.9393939393939393, 0.6476190476190476, 0.890625, 0.9402985074626865]  

MSC_average = [0.04625 , 0.031089588289329277 ]

Precision_average = [0.9540501559147208 , 0.032337989592570796 ]

Recall_average = [0.7695652173913043 , 0.18632631677866016 ]

F1_score_average = [0.8384165547500393 , 0.12688688138408888 ]