MSC = [[0.23700000000000002, 0.075, 0.0075, 0.0175], [0.16, 0.02, 0.0175, 0.0175], [0.093, 0.0025, 0.0225, 0.0325], [0.178, 0.0025, 0.0025, 0.0025], [0.21224999999999997, 0.0225, 0.0025, 0.0025], [0.07749999999999999, 0.0025, 0.0025, 0.0025], [0.18324999999999997, 0.03, 0.01, 0.01], [0.16175, 0.0025, 0.0025, 0.0025], [0.23374999999999999, 0.015, 0.94, 0.94], [0.16799999999999998, 0.025, 0.0025, 0.0025]]

Precision = [[0.42530389133472485, 0.43137254901960786, 0.9166666666666666, 0.7857142857142857], [0.6264755835744555, 0.7586206896551724, 0.7666666666666667, 0.7666666666666667], [0.7690756278067109, 1.0, 0.71875, 0.6388888888888888], [0.6022267472682303, 1.0, 1.0, 1.0], [0.537393153934951, 0.7333333333333333, 1.0, 1.0], [0.5758207184355629, 1.0, 1.0, 1.0], [0.45407608417004053, 0.6774193548387096, 0.8518518518518519, 0.8518518518518519], [0.6706181682928968, 1.0, 1.0, 1.0], [0.5470337616599141, 0.8148148148148148, 0.05764411027568922, 0.05764411027568922], [0.5598504332882817, 0.7096774193548387, 1.0, 1.0]]

Recall = [[0.8869565217391304, 0.9565217391304348, 0.9565217391304348, 0.9565217391304348], [0.9391304347826088, 0.9565217391304348, 1.0, 1.0], [0.9608695652173914, 0.9565217391304348, 1.0, 1.0], [0.8217391304347826, 0.9565217391304348, 0.9565217391304348, 0.9565217391304348], [0.9217391304347828, 0.9565217391304348, 0.9565217391304348, 0.9565217391304348], [0.7782608695652173, 0.9565217391304348, 0.9565217391304348, 0.9565217391304348], [0.8, 0.9130434782608695, 1.0, 1.0], [0.8826086956521738, 0.9565217391304348, 0.9565217391304348, 0.9565217391304348], [0.7869565217391303, 0.9565217391304348, 1.0, 1.0], [0.9086956521739131, 0.9565217391304348, 0.9565217391304348, 0.9565217391304348]]

F1_score = [[0.4966838652588607, 0.5945945945945946, 0.9361702127659574, 0.8627450980392156], [0.6859618901254863, 0.8461538461538461, 0.8679245283018869, 0.8679245283018869], [0.7958731641340338, 0.9777777777777777, 0.8363636363636363, 0.7796610169491525], [0.6332040072580427, 0.9777777777777777, 0.9777777777777777, 0.9777777777777777], [0.5864006210343906, 0.8301886792452831, 0.9777777777777777, 0.9777777777777777], [0.6082224697935183, 0.9777777777777777, 0.9777777777777777, 0.9777777777777777], [0.5047581064352202, 0.7777777777777777, 0.92, 0.92], [0.6992510033253068, 0.9777777777777777, 0.9777777777777777, 0.9777777777777777], [0.5789022806277356, 0.8800000000000001, 0.10900473933649288, 0.10900473933649288], [0.6210452405092219, 0.8148148148148149, 0.9777777777777777, 0.9777777777777777]]

Average and standard deviation for AV, MV, AR, LR

MSC = [0.17045 0.01975 0.101   0.103  ] +- [0.05023243 0.02098958 0.2797481  0.27916124]

Precision = [0.57678742 0.81252382 0.83115793 0.81007658] +- [0.09467067 0.17996613 0.276658   0.27929151]

Recall = [0.86869565 0.95217391 0.97391304 0.97391304] +- [0.06338886 0.01304348 0.02129991 0.02129991]

F1_score = [0.62103026 0.86546408 0.8558352  0.84282243] +- [0.08554069 0.11658066 0.25361424 0.25308613]


################### Average ###################

MSC =  [0.23700000000000002, 0.16, 0.093, 0.178, 0.21224999999999997, 0.07749999999999999, 0.18324999999999997, 0.16175, 0.23374999999999999, 0.16799999999999998]  

Precision =  [0.42530389133472485, 0.6264755835744555, 0.7690756278067109, 0.6022267472682303, 0.537393153934951, 0.5758207184355629, 0.45407608417004053, 0.6706181682928968, 0.5470337616599141, 0.5598504332882817]  

Recall =  [0.8869565217391304, 0.9391304347826088, 0.9608695652173914, 0.8217391304347826, 0.9217391304347828, 0.7782608695652173, 0.8, 0.8826086956521738, 0.7869565217391303, 0.9086956521739131]  

F1_score =  [0.4966838652588607, 0.6859618901254863, 0.7958731641340338, 0.6332040072580427, 0.5864006210343906, 0.6082224697935183, 0.5047581064352202, 0.6992510033253068, 0.5789022806277356, 0.6210452405092219]  

MSC_average = [0.17045 , 0.05023243474091217 ]

Precision_average = [0.576787416976577 , 0.09467066756406128 ]

Recall_average = [0.8686956521739131 , 0.06338885902124387 ]

F1_score_average = [0.6210302648501816 , 0.08554069228175566 ]


################### Majority Voting  ###################

MSC =  [0.075, 0.02, 0.0025, 0.0025, 0.0225, 0.0025, 0.03, 0.0025, 0.015, 0.025]  

Precision =  [0.43137254901960786, 0.7586206896551724, 1.0, 1.0, 0.7333333333333333, 1.0, 0.6774193548387096, 1.0, 0.8148148148148148, 0.7096774193548387]  

Recall =  [0.9565217391304348, 0.9565217391304348, 0.9565217391304348, 0.9565217391304348, 0.9565217391304348, 0.9565217391304348, 0.9130434782608695, 0.9565217391304348, 0.9565217391304348, 0.9565217391304348]  

F1_score =  [0.5945945945945946, 0.8461538461538461, 0.9777777777777777, 0.9777777777777777, 0.8301886792452831, 0.9777777777777777, 0.7777777777777777, 0.9777777777777777, 0.8800000000000001, 0.8148148148148149]  

MSC_average = [0.019749999999999997 , 0.020989580748552363 ]

Precision_average = [0.8125238161016476 , 0.1799661333608181 ]

Recall_average = [0.9521739130434783 , 0.013043478260869589 ]

F1_score_average = [0.8654640823697427 , 0.1165806641853239 ]


################### Total Robustness ###################

MSC =  [0.0075, 0.0175, 0.0225, 0.0025, 0.0025, 0.0025, 0.01, 0.0025, 0.94, 0.0025]  

Precision =  [0.9166666666666666, 0.7666666666666667, 0.71875, 1.0, 1.0, 1.0, 0.8518518518518519, 1.0, 0.05764411027568922, 1.0]  

Recall =  [0.9565217391304348, 1.0, 1.0, 0.9565217391304348, 0.9565217391304348, 0.9565217391304348, 1.0, 0.9565217391304348, 1.0, 0.9565217391304348]  

F1_score =  [0.9361702127659574, 0.8679245283018869, 0.8363636363636363, 0.9777777777777777, 0.9777777777777777, 0.9777777777777777, 0.92, 0.9777777777777777, 0.10900473933649288, 0.9777777777777777]  

MSC_average = [0.10099999999999998 , 0.279748100976575 ]

Precision_average = [0.8311579295460874 , 0.2766580019690506 ]

Recall_average = [0.9739130434782609 , 0.021299910806810228 ]

F1_score_average = [0.8558352005656863 , 0.25361424010388206 ]


################### Largest Robustness ###################

MSC =  [0.0175, 0.0175, 0.0325, 0.0025, 0.0025, 0.0025, 0.01, 0.0025, 0.94, 0.0025]  

Precision =  [0.7857142857142857, 0.7666666666666667, 0.6388888888888888, 1.0, 1.0, 1.0, 0.8518518518518519, 1.0, 0.05764411027568922, 1.0]  

Recall =  [0.9565217391304348, 1.0, 1.0, 0.9565217391304348, 0.9565217391304348, 0.9565217391304348, 1.0, 0.9565217391304348, 1.0, 0.9565217391304348]  

F1_score =  [0.8627450980392156, 0.8679245283018869, 0.7796610169491525, 0.9777777777777777, 0.9777777777777777, 0.9777777777777777, 0.92, 0.9777777777777777, 0.10900473933649288, 0.9777777777777777]  

MSC_average = [0.10299999999999998 , 0.279161243728423 ]

Precision_average = [0.8100765803397383 , 0.2792915125281519 ]

Recall_average = [0.9739130434782609 , 0.021299910806810228 ]

F1_score_average = [0.8428224271515636 , 0.2530861319887896 ]