MSC = [[0.2505, 0.0025, 0.0025, 0.0025], [0.14350000000000002, 0.005, 0.0025, 0.0025], [0.4405, 0.29, 0.9425, 0.9425], [0.17074999999999999, 0.0025, 0.0025, 0.0025], [0.17925, 0.0025, 0.0025, 0.0025], [0.18299999999999997, 0.005, 0.0025, 0.0025], [0.22174999999999997, 0.045, 0.0025, 0.0025], [0.32199999999999995, 0.0875, 0.0025, 0.0025], [0.2405, 0.0075, 0.0025, 0.0025], [0.098, 0.005, 0.0025, 0.0025]]

Precision = [[0.52094118308592, 1.0, 1.0, 1.0], [0.6572546098511665, 1.0, 1.0, 1.0], [0.16619746848923458, 0.16058394160583941, 0.0575, 0.0575], [0.6461565817655346, 1.0, 1.0, 1.0], [0.6539641771373184, 1.0, 1.0, 1.0], [0.6269326266089248, 1.0, 1.0, 1.0], [0.48052237373386253, 0.5675675675675675, 0.9583333333333334, 0.9583333333333334], [0.4943429304233609, 0.39285714285714285, 1.0, 1.0], [0.42924499226918583, 0.9545454545454546, 1.0, 1.0], [0.7412962090887685, 1.0, 1.0, 1.0]]

Recall = [[0.7608695652173914, 0.9565217391304348, 0.9565217391304348, 0.9565217391304348], [0.7652173913043477, 0.9130434782608695, 0.9565217391304348, 0.9565217391304348], [0.7782608695652173, 0.9565217391304348, 1.0, 1.0], [0.808695652173913, 0.9565217391304348, 0.9565217391304348, 0.9565217391304348], [0.8652173913043478, 0.9565217391304348, 0.9565217391304348, 0.9565217391304348], [0.7869565217391303, 0.9130434782608695, 0.9565217391304348, 0.9565217391304348], [0.7652173913043477, 0.9130434782608695, 1.0, 1.0], [0.9260869565217391, 0.9565217391304348, 0.9565217391304348, 0.9565217391304348], [0.7695652173913043, 0.9130434782608695, 0.9565217391304348, 0.9565217391304348], [0.917391304347826, 0.9130434782608695, 0.9565217391304348, 0.9565217391304348]]

F1_score = [[0.523155865446164, 0.9777777777777777, 0.9777777777777777, 0.9777777777777777], [0.5926177796171391, 0.9545454545454545, 0.9777777777777777, 0.9777777777777777], [0.2315111793906816, 0.275, 0.10874704491725767, 0.10874704491725767], [0.577564573031443, 0.9777777777777777, 0.9777777777777777, 0.9777777777777777], [0.6428478625039756, 0.9777777777777777, 0.9777777777777777, 0.9777777777777777], [0.5542246734096039, 0.9545454545454545, 0.9777777777777777, 0.9777777777777777], [0.4807722945602439, 0.6999999999999998, 0.9787234042553191, 0.9787234042553191], [0.541768269674581, 0.5569620253164557, 0.9777777777777777, 0.9777777777777777], [0.43545939465179984, 0.9333333333333332, 0.9777777777777777, 0.9777777777777777], [0.7509159745591296, 0.9545454545454545, 0.9777777777777777, 0.9777777777777777]]

Average and standard deviation for AV, MV, AR, LR

MSC = [0.224975 0.04525  0.0965   0.0965  ] +- [0.09290946 0.08570626 0.282      0.282     ]

Precision = [0.54168532 0.80755541 0.90158333 0.90158333] +- [0.15621624 0.29865641 0.28163522 0.28163522]

Recall = [0.81434783 0.93478261 0.96521739 0.96521739] +- [0.06121177 0.02173913 0.0173913  0.0173913 ]

F1_score = [0.53308379 0.82622651 0.89096927 0.89096927] +- [0.12994454 0.22848625 0.26074089 0.26074089]


################### Average ###################

MSC =  [0.2505, 0.14350000000000002, 0.4405, 0.17074999999999999, 0.17925, 0.18299999999999997, 0.22174999999999997, 0.32199999999999995, 0.2405, 0.098]  

Precision =  [0.52094118308592, 0.6572546098511665, 0.16619746848923458, 0.6461565817655346, 0.6539641771373184, 0.6269326266089248, 0.48052237373386253, 0.4943429304233609, 0.42924499226918583, 0.7412962090887685]  

Recall =  [0.7608695652173914, 0.7652173913043477, 0.7782608695652173, 0.808695652173913, 0.8652173913043478, 0.7869565217391303, 0.7652173913043477, 0.9260869565217391, 0.7695652173913043, 0.917391304347826]  

F1_score =  [0.523155865446164, 0.5926177796171391, 0.2315111793906816, 0.577564573031443, 0.6428478625039756, 0.5542246734096039, 0.4807722945602439, 0.541768269674581, 0.43545939465179984, 0.7509159745591296]  

MSC_average = [0.22497499999999998 , 0.09290946197777705 ]

Precision_average = [0.5416853152453276 , 0.15621624063265857 ]

Recall_average = [0.8143478260869564 , 0.06121177098706098 ]

F1_score_average = [0.5330837866844761 , 0.1299445357211117 ]


################### Majority Voting  ###################

MSC =  [0.0025, 0.005, 0.29, 0.0025, 0.0025, 0.005, 0.045, 0.0875, 0.0075, 0.005]  

Precision =  [1.0, 1.0, 0.16058394160583941, 1.0, 1.0, 1.0, 0.5675675675675675, 0.39285714285714285, 0.9545454545454546, 1.0]  

Recall =  [0.9565217391304348, 0.9130434782608695, 0.9565217391304348, 0.9565217391304348, 0.9565217391304348, 0.9130434782608695, 0.9130434782608695, 0.9565217391304348, 0.9130434782608695, 0.9130434782608695]  

F1_score =  [0.9777777777777777, 0.9545454545454545, 0.275, 0.9777777777777777, 0.9777777777777777, 0.9545454545454545, 0.6999999999999998, 0.5569620253164557, 0.9333333333333332, 0.9545454545454545]  

MSC_average = [0.04525 , 0.08570625706446407 ]

Precision_average = [0.8075554106576005 , 0.29865640671511506 ]

Recall_average = [0.9347826086956521 , 0.02173913043478265 ]

F1_score_average = [0.8262265055619487 , 0.2284862460527867 ]


################### Total Robustness ###################

MSC =  [0.0025, 0.0025, 0.9425, 0.0025, 0.0025, 0.0025, 0.0025, 0.0025, 0.0025, 0.0025]  

Precision =  [1.0, 1.0, 0.0575, 1.0, 1.0, 1.0, 0.9583333333333334, 1.0, 1.0, 1.0]  

Recall =  [0.9565217391304348, 0.9565217391304348, 1.0, 0.9565217391304348, 0.9565217391304348, 0.9565217391304348, 1.0, 0.9565217391304348, 0.9565217391304348, 0.9565217391304348]  

F1_score =  [0.9777777777777777, 0.9777777777777777, 0.10874704491725767, 0.9777777777777777, 0.9777777777777777, 0.9777777777777777, 0.9787234042553191, 0.9777777777777777, 0.9777777777777777, 0.9777777777777777]  

MSC_average = [0.09649999999999999 , 0.282 ]

Precision_average = [0.9015833333333333 , 0.2816352176723169 ]

Recall_average = [0.965217391304348 , 0.017391304347826077 ]

F1_score_average = [0.8909692671394799 , 0.26074089316275895 ]


################### Largest Robustness ###################

MSC =  [0.0025, 0.0025, 0.9425, 0.0025, 0.0025, 0.0025, 0.0025, 0.0025, 0.0025, 0.0025]  

Precision =  [1.0, 1.0, 0.0575, 1.0, 1.0, 1.0, 0.9583333333333334, 1.0, 1.0, 1.0]  

Recall =  [0.9565217391304348, 0.9565217391304348, 1.0, 0.9565217391304348, 0.9565217391304348, 0.9565217391304348, 1.0, 0.9565217391304348, 0.9565217391304348, 0.9565217391304348]  

F1_score =  [0.9777777777777777, 0.9777777777777777, 0.10874704491725767, 0.9777777777777777, 0.9777777777777777, 0.9777777777777777, 0.9787234042553191, 0.9777777777777777, 0.9777777777777777, 0.9777777777777777]  

MSC_average = [0.09649999999999999 , 0.282 ]

Precision_average = [0.9015833333333333 , 0.2816352176723169 ]

Recall_average = [0.965217391304348 , 0.017391304347826077 ]

F1_score_average = [0.8909692671394799 , 0.26074089316275895 ]