MSC = [[0.12125000000000001, 0.1025, 0.1, 0.1025], [0.1835, 0.09, 0.0875, 0.0875], [0.20074999999999998, 0.1175, 0.1025, 0.1025], [0.17725000000000002, 0.1, 0.1, 0.1025], [0.17575, 0.095, 0.0325, 0.0325], [0.23975, 0.09, 0.0975, 0.0975], [0.205, 0.0875, 0.0875, 0.0875], [0.12075, 0.0925, 0.025, 0.0425], [0.38625, 0.225, 0.0525, 0.2075], [0.14725000000000002, 0.0925, 0.0925, 0.095]]

Precision = [[0.854373472701797, 0.9666666666666667, 0.9393939393939394, 0.9375], [0.6253803369454911, 0.9459459459459459, 0.9473684210526315, 0.9473684210526315], [0.588682590361417, 0.8928571428571429, 0.9375, 0.9375], [0.6828680522698578, 0.967741935483871, 0.9393939393939394, 0.9375], [0.6533413189220918, 0.9428571428571428, 0.8783783783783784, 0.8783783783783784], [0.729746437789393, 0.9714285714285714, 0.9411764705882353, 0.9411764705882353], [0.6341683505046453, 0.9722222222222222, 0.9473684210526315, 0.9473684210526315], [0.803086569935885, 0.9444444444444444, 1.0, 0.8939393939393939], [0.43905112202910573, 0.3939393939393939, 0.8428571428571429, 0.4492753623188406], [0.8313458391011945, 0.9444444444444444, 0.9444444444444444, 0.9428571428571428]]

Recall = [[0.4405797101449275, 0.42028985507246375, 0.4492753623188406, 0.43478260869565216], [0.43768115942028984, 0.5072463768115942, 0.5217391304347826, 0.5217391304347826], [0.4608695652173913, 0.36231884057971014, 0.43478260869565216, 0.43478260869565216], [0.44637681159420295, 0.43478260869565216, 0.4492753623188406, 0.43478260869565216], [0.544927536231884, 0.4782608695652174, 0.9420289855072463, 0.9420289855072463], [0.5072463768115943, 0.4927536231884058, 0.463768115942029, 0.463768115942029], [0.47971014492753633, 0.5072463768115942, 0.5217391304347826, 0.5217391304347826], [0.5304347826086957, 0.4927536231884058, 0.855072463768116, 0.855072463768116], [0.6246376811594202, 0.5652173913043478, 0.855072463768116, 0.8985507246376812], [0.5, 0.4927536231884058, 0.4927536231884058, 0.4782608695652174]]

F1_score = [[0.5737124838498536, 0.5858585858585859, 0.6078431372549019, 0.594059405940594], [0.47715494151615223, 0.660377358490566, 0.6728971962616822, 0.6728971962616822], [0.48427300021550285, 0.5154639175257733, 0.594059405940594, 0.594059405940594], [0.5079505285652861, 0.6, 0.6078431372549019, 0.594059405940594], [0.5405873286240164, 0.6346153846153846, 0.9090909090909092, 0.9090909090909092], [0.4973418256146913, 0.6538461538461539, 0.6213592233009708, 0.6213592233009708], [0.48999086325025887, 0.6666666666666666, 0.6728971962616822, 0.6728971962616822], [0.6202670018171537, 0.6476190476190476, 0.921875, 0.8740740740740741], [0.41712319197196174, 0.4642857142857143, 0.8489208633093526, 0.5990338164251208], [0.5729078884193693, 0.6476190476190476, 0.6476190476190476, 0.6346153846153846]]

Average and standard deviation for AV, MV, AR, LR

MSC = [0.19575 0.10925 0.07775 0.09575] +- [0.07263376 0.03946597 0.02805018 0.04427259]

Precision = [0.68420441 0.89425479 0.93178812 0.88128636] +- [0.119565   0.1682463  0.0403687  0.14573724]

Recall = [0.49724638 0.47536232 0.59855072 0.59855072] +- [0.0553974  0.05336798 0.19029708 0.19966891]

F1_score = [0.51813091 0.60763519 0.71044051 0.6766146 ] +- [0.05601923 0.0647336  0.12354811 0.11151012]


################### Average ###################

MSC =  [0.12125000000000001, 0.1835, 0.20074999999999998, 0.17725000000000002, 0.17575, 0.23975, 0.205, 0.12075, 0.38625, 0.14725000000000002]  

Precision =  [0.854373472701797, 0.6253803369454911, 0.588682590361417, 0.6828680522698578, 0.6533413189220918, 0.729746437789393, 0.6341683505046453, 0.803086569935885, 0.43905112202910573, 0.8313458391011945]  

Recall =  [0.4405797101449275, 0.43768115942028984, 0.4608695652173913, 0.44637681159420295, 0.544927536231884, 0.5072463768115943, 0.47971014492753633, 0.5304347826086957, 0.6246376811594202, 0.5]  

F1_score =  [0.5737124838498536, 0.47715494151615223, 0.48427300021550285, 0.5079505285652861, 0.5405873286240164, 0.4973418256146913, 0.48999086325025887, 0.6202670018171537, 0.41712319197196174, 0.5729078884193693]  

MSC_average = [0.19575 , 0.07263375592656625 ]

Precision_average = [0.6842044090560878 , 0.11956500407659357 ]

Recall_average = [0.49724637681159417 , 0.05539740143451025 ]

F1_score_average = [0.5181309053844246 , 0.056019225522753506 ]


################### Majority Voting  ###################

MSC =  [0.1025, 0.09, 0.1175, 0.1, 0.095, 0.09, 0.0875, 0.0925, 0.225, 0.0925]  

Precision =  [0.9666666666666667, 0.9459459459459459, 0.8928571428571429, 0.967741935483871, 0.9428571428571428, 0.9714285714285714, 0.9722222222222222, 0.9444444444444444, 0.3939393939393939, 0.9444444444444444]  

Recall =  [0.42028985507246375, 0.5072463768115942, 0.36231884057971014, 0.43478260869565216, 0.4782608695652174, 0.4927536231884058, 0.5072463768115942, 0.4927536231884058, 0.5652173913043478, 0.4927536231884058]  

F1_score =  [0.5858585858585859, 0.660377358490566, 0.5154639175257733, 0.6, 0.6346153846153846, 0.6538461538461539, 0.6666666666666666, 0.6476190476190476, 0.4642857142857143, 0.6476190476190476]  

MSC_average = [0.10925 , 0.03946596635076861 ]

Precision_average = [0.8942547910289844 , 0.168246298487268 ]

Recall_average = [0.4753623188405798 , 0.05336797866528107 ]

F1_score_average = [0.607635187652694 , 0.0647335968930788 ]


################### Total Robustness ###################

MSC =  [0.1, 0.0875, 0.1025, 0.1, 0.0325, 0.0975, 0.0875, 0.025, 0.0525, 0.0925]  

Precision =  [0.9393939393939394, 0.9473684210526315, 0.9375, 0.9393939393939394, 0.8783783783783784, 0.9411764705882353, 0.9473684210526315, 1.0, 0.8428571428571429, 0.9444444444444444]  

Recall =  [0.4492753623188406, 0.5217391304347826, 0.43478260869565216, 0.4492753623188406, 0.9420289855072463, 0.463768115942029, 0.5217391304347826, 0.855072463768116, 0.855072463768116, 0.4927536231884058]  

F1_score =  [0.6078431372549019, 0.6728971962616822, 0.594059405940594, 0.6078431372549019, 0.9090909090909092, 0.6213592233009708, 0.6728971962616822, 0.921875, 0.8489208633093526, 0.6476190476190476]  

MSC_average = [0.07775000000000001 , 0.028050178252553046 ]

Precision_average = [0.9317881157161343 , 0.040368697720187544 ]

Recall_average = [0.5985507246376811 , 0.19029708475509707 ]

F1_score_average = [0.7104405116294042 , 0.1235481074854017 ]


################### Largest Robustness ###################

MSC =  [0.1025, 0.0875, 0.1025, 0.1025, 0.0325, 0.0975, 0.0875, 0.0425, 0.2075, 0.095]  

Precision =  [0.9375, 0.9473684210526315, 0.9375, 0.9375, 0.8783783783783784, 0.9411764705882353, 0.9473684210526315, 0.8939393939393939, 0.4492753623188406, 0.9428571428571428]  

Recall =  [0.43478260869565216, 0.5217391304347826, 0.43478260869565216, 0.43478260869565216, 0.9420289855072463, 0.463768115942029, 0.5217391304347826, 0.855072463768116, 0.8985507246376812, 0.4782608695652174]  

F1_score =  [0.594059405940594, 0.6728971962616822, 0.594059405940594, 0.594059405940594, 0.9090909090909092, 0.6213592233009708, 0.6728971962616822, 0.8740740740740741, 0.5990338164251208, 0.6346153846153846]  

MSC_average = [0.09575 , 0.04427259310227942 ]

Precision_average = [0.8812863590187254 , 0.14573724367588492 ]

Recall_average = [0.5985507246376811 , 0.19966891309921797 ]

F1_score_average = [0.6766146017851605 , 0.1115101185081313 ]