MSC = [[0.18125, 0.025, 0.0125, 0.005], [0.16350000000000003, 0.015, 0.0075, 0.01], [0.26875000000000004, 0.1125, 0.3725, 0.495], [0.101, 0.0025, 0.005, 0.005], [0.15999999999999998, 0.0025, 0.0025, 0.0025], [0.2495, 0.0275, 0.0175, 0.0175], [0.34775, 0.36, 0.01, 0.01], [0.10124999999999999, 0.0025, 0.005, 0.005], [0.168, 0.0025, 0.0025, 0.0025], [0.17325, 0.005, 0.0025, 0.0025]]

Precision = [[0.40717406949674445, 0.696969696969697, 0.8461538461538461, 0.9565217391304348], [0.5114656057556225, 0.7931034482758621, 0.8846153846153846, 0.88], [0.20472339434319825, 0.23809523809523808, 0.1111111111111111, 0.08530805687203792], [0.6381024130750245, 1.0, 0.9565217391304348, 0.9565217391304348], [0.6772555418719212, 1.0, 1.0, 1.0], [0.4051852714411126, 0.6764705882352942, 0.7666666666666667, 0.7666666666666667], [0.24545158251135213, 0.12883435582822086, 0.88, 0.88], [0.5794128535315242, 1.0, 0.9565217391304348, 0.9565217391304348], [0.6248143079896128, 1.0, 1.0, 1.0], [0.625169726660065, 0.9565217391304348, 1.0, 1.0]]

Recall = [[0.9130434782608695, 1.0, 0.9565217391304348, 0.9565217391304348], [0.8, 1.0, 1.0, 0.9565217391304348], [0.5434782608695652, 0.43478260869565216, 0.782608695652174, 0.782608695652174], [0.9130434782608697, 0.9565217391304348, 0.9565217391304348, 0.9565217391304348], [0.8652173913043478, 0.9565217391304348, 0.9565217391304348, 0.9565217391304348], [0.8826086956521738, 1.0, 1.0, 1.0], [0.7391304347826086, 0.9130434782608695, 0.9565217391304348, 0.9565217391304348], [0.8521739130434781, 0.9565217391304348, 0.9565217391304348, 0.9565217391304348], [0.9260869565217391, 0.9565217391304348, 0.9565217391304348, 0.9565217391304348], [0.8347826086956524, 0.9565217391304348, 0.9565217391304348, 0.9565217391304348]]

F1_score = [[0.5030036435218571, 0.8214285714285715, 0.8979591836734695, 0.9565217391304348], [0.579326210698228, 0.8846153846153846, 0.9387755102040816, 0.9166666666666666], [0.21438651448984597, 0.30769230769230765, 0.1945945945945946, 0.15384615384615385], [0.6893491008948722, 0.9777777777777777, 0.9565217391304348, 0.9565217391304348], [0.6871823882959895, 0.9777777777777777, 0.9777777777777777, 0.9777777777777777], [0.4791856077474258, 0.8070175438596492, 0.8679245283018869, 0.8679245283018869], [0.3040817539382953, 0.22580645161290322, 0.9166666666666666, 0.9166666666666666], [0.6308640086828585, 0.9777777777777777, 0.9565217391304348, 0.9565217391304348], [0.6522535115471959, 0.9777777777777777, 0.9777777777777777, 0.9777777777777777], [0.6383786485220677, 0.9565217391304348, 0.9777777777777777, 0.9777777777777777]]

Average and standard deviation for AV, MV, AR, LR

MSC = [0.191425 0.0555   0.04375  0.0555  ] +- [0.07269629 0.10635319 0.10968278 0.14656824]

Precision = [0.49187548 0.74899951 0.84015905 0.84815399] +- [0.16034504 0.30831983 0.25381875 0.26362943]

Recall = [0.82695652 0.91304348 0.94782609 0.94347826] +- [0.10895274 0.16151457 0.05768043 0.05516773]

F1_score = [0.53780114 0.79141931 0.86622973 0.86580026] +- [0.15580442 0.27016954 0.22661517 0.23965934]


################### Average ###################

MSC =  [0.18125, 0.16350000000000003, 0.26875000000000004, 0.101, 0.15999999999999998, 0.2495, 0.34775, 0.10124999999999999, 0.168, 0.17325]  

Precision =  [0.40717406949674445, 0.5114656057556225, 0.20472339434319825, 0.6381024130750245, 0.6772555418719212, 0.4051852714411126, 0.24545158251135213, 0.5794128535315242, 0.6248143079896128, 0.625169726660065]  

Recall =  [0.9130434782608695, 0.8, 0.5434782608695652, 0.9130434782608697, 0.8652173913043478, 0.8826086956521738, 0.7391304347826086, 0.8521739130434781, 0.9260869565217391, 0.8347826086956524]  

F1_score =  [0.5030036435218571, 0.579326210698228, 0.21438651448984597, 0.6893491008948722, 0.6871823882959895, 0.4791856077474258, 0.3040817539382953, 0.6308640086828585, 0.6522535115471959, 0.6383786485220677]  

MSC_average = [0.19142499999999998 , 0.07269629031112937 ]

Precision_average = [0.4918754766676178 , 0.16034503890665933 ]

Recall_average = [0.8269565217391304 , 0.10895273944647858 ]

F1_score_average = [0.5378011388338636 , 0.15580441880397805 ]


################### Majority Voting  ###################

MSC =  [0.025, 0.015, 0.1125, 0.0025, 0.0025, 0.0275, 0.36, 0.0025, 0.0025, 0.005]  

Precision =  [0.696969696969697, 0.7931034482758621, 0.23809523809523808, 1.0, 1.0, 0.6764705882352942, 0.12883435582822086, 1.0, 1.0, 0.9565217391304348]  

Recall =  [1.0, 1.0, 0.43478260869565216, 0.9565217391304348, 0.9565217391304348, 1.0, 0.9130434782608695, 0.9565217391304348, 0.9565217391304348, 0.9565217391304348]  

F1_score =  [0.8214285714285715, 0.8846153846153846, 0.30769230769230765, 0.9777777777777777, 0.9777777777777777, 0.8070175438596492, 0.22580645161290322, 0.9777777777777777, 0.9777777777777777, 0.9565217391304348]  

MSC_average = [0.055499999999999994 , 0.10635318518972527 ]

Precision_average = [0.7489995066534747 , 0.3083198268537764 ]

Recall_average = [0.9130434782608697 , 0.16151457061744964 ]

F1_score_average = [0.7914193109450361 , 0.27016954185915326 ]


################### Total Robustness ###################

MSC =  [0.0125, 0.0075, 0.3725, 0.005, 0.0025, 0.0175, 0.01, 0.005, 0.0025, 0.0025]  

Precision =  [0.8461538461538461, 0.8846153846153846, 0.1111111111111111, 0.9565217391304348, 1.0, 0.7666666666666667, 0.88, 0.9565217391304348, 1.0, 1.0]  

Recall =  [0.9565217391304348, 1.0, 0.782608695652174, 0.9565217391304348, 0.9565217391304348, 1.0, 0.9565217391304348, 0.9565217391304348, 0.9565217391304348, 0.9565217391304348]  

F1_score =  [0.8979591836734695, 0.9387755102040816, 0.1945945945945946, 0.9565217391304348, 0.9777777777777777, 0.8679245283018869, 0.9166666666666666, 0.9565217391304348, 0.9777777777777777, 0.9777777777777777]  

MSC_average = [0.04375 , 0.10968278123753063 ]

Precision_average = [0.8401590486807878 , 0.25381874850086517 ]

Recall_average = [0.9478260869565218 , 0.05768043113661564 ]

F1_score_average = [0.8662297295034902 , 0.22661517054319105 ]


################### Largest Robustness ###################

MSC =  [0.005, 0.01, 0.495, 0.005, 0.0025, 0.0175, 0.01, 0.005, 0.0025, 0.0025]  

Precision =  [0.9565217391304348, 0.88, 0.08530805687203792, 0.9565217391304348, 1.0, 0.7666666666666667, 0.88, 0.9565217391304348, 1.0, 1.0]  

Recall =  [0.9565217391304348, 0.9565217391304348, 0.782608695652174, 0.9565217391304348, 0.9565217391304348, 1.0, 0.9565217391304348, 0.9565217391304348, 0.9565217391304348, 0.9565217391304348]  

F1_score =  [0.9565217391304348, 0.9166666666666666, 0.15384615384615385, 0.9565217391304348, 0.9777777777777777, 0.8679245283018869, 0.9166666666666666, 0.9565217391304348, 0.9777777777777777, 0.9777777777777777]  

MSC_average = [0.055499999999999994 , 0.14656824349087358 ]

Precision_average = [0.848153994093001 , 0.263629432665113 ]

Recall_average = [0.9434782608695654 , 0.05516772843673704 ]

F1_score_average = [0.8658002566206011 , 0.23965934119690743 ]