MSC = [[0.34175, 0.1225, 0.6975, 0.6975], [0.24574999999999997, 0.005, 0.0025, 0.0025], [0.19449999999999998, 0.0075, 0.0025, 0.0025], [0.25, 0.015, 0.015, 0.015], [0.3855, 0.28, 0.9425, 0.9425], [0.36375, 0.3, 0.0, 0.0025], [0.20974999999999996, 0.08, 0.0025, 0.0025], [0.266, 0.2725, 0.0025, 0.005], [0.05125, 0.0025, 0.0025, 0.0025], [0.2575, 0.04, 0.015, 0.01]]

Precision = [[0.22573381370208914, 0.3142857142857143, 0.076158940397351, 0.076158940397351], [0.6736922694667704, 0.9565217391304348, 1.0, 1.0], [0.557484512549913, 0.9166666666666666, 1.0, 1.0], [0.59860136854695, 0.8148148148148148, 0.8148148148148148, 0.8148148148148148], [0.2960186693358212, 0.16541353383458646, 0.0575, 0.0575], [0.3184665350750599, 0.15602836879432624, 1.0, 1.0], [0.5090679230538995, 0.41509433962264153, 1.0, 1.0], [0.4110158220949495, 0.16923076923076924, 1.0, 1.0], [0.6760865202160269, 1.0, 1.0, 1.0], [0.43595204785205155, 0.5945945945945946, 0.8148148148148148, 0.88]]

Recall = [[0.708695652173913, 0.9565217391304348, 1.0, 1.0], [0.9565217391304349, 0.9565217391304348, 0.9565217391304348, 0.9565217391304348], [0.8347826086956521, 0.9565217391304348, 0.9565217391304348, 0.9565217391304348], [0.9347826086956523, 0.9565217391304348, 0.9565217391304348, 0.9565217391304348], [0.9, 0.9565217391304348, 1.0, 1.0], [0.9521739130434783, 0.9565217391304348, 1.0, 0.9565217391304348], [0.8913043478260869, 0.9565217391304348, 0.9565217391304348, 0.9565217391304348], [0.8869565217391304, 0.9565217391304348, 0.9565217391304348, 0.9130434782608695], [0.8347826086956521, 0.9565217391304348, 0.9565217391304348, 0.9565217391304348], [0.9130434782608697, 0.9565217391304348, 0.9565217391304348, 0.9565217391304348]]

F1_score = [[0.28139453673152043, 0.47311827956989244, 0.14153846153846153, 0.14153846153846153], [0.6925240309508682, 0.9565217391304348, 0.9777777777777777, 0.9777777777777777], [0.5814412612284432, 0.9361702127659574, 0.9777777777777777, 0.9777777777777777], [0.6500024563407918, 0.8800000000000001, 0.8800000000000001, 0.8800000000000001], [0.3726864746955964, 0.28205128205128205, 0.10874704491725767, 0.10874704491725767], [0.3904374161131873, 0.2682926829268293, 1.0, 0.9777777777777777], [0.5623960089626947, 0.5789473684210527, 0.9777777777777777, 0.9777777777777777], [0.4782153372821926, 0.28758169934640526, 0.9777777777777777, 0.9545454545454545], [0.7182106796715202, 0.9777777777777777, 0.9777777777777777, 0.9777777777777777], [0.4985798012599777, 0.7333333333333334, 0.8800000000000001, 0.9166666666666666]]

Average and standard deviation for AV, MV, AR, LR

MSC = [0.256575 0.1125   0.16825  0.16825 ] +- [0.09155176 0.11807307 0.33048648 0.33047135]

Precision = [0.47021195 0.55026505 0.77632886 0.78284738] +- [0.15073691 0.33108694 0.36195136 0.36317069]

Recall = [0.88130435 0.95652174 0.96956522 0.96086957] +- [0.07010794 0.         0.01992424 0.02341376]

F1_score = [0.5225888  0.63737944 0.78991744 0.78903865] +- [0.13750752 0.28112422 0.33484479 0.33348476]


################### Average ###################

MSC =  [0.34175, 0.24574999999999997, 0.19449999999999998, 0.25, 0.3855, 0.36375, 0.20974999999999996, 0.266, 0.05125, 0.2575]  

Precision =  [0.22573381370208914, 0.6736922694667704, 0.557484512549913, 0.59860136854695, 0.2960186693358212, 0.3184665350750599, 0.5090679230538995, 0.4110158220949495, 0.6760865202160269, 0.43595204785205155]  

Recall =  [0.708695652173913, 0.9565217391304349, 0.8347826086956521, 0.9347826086956523, 0.9, 0.9521739130434783, 0.8913043478260869, 0.8869565217391304, 0.8347826086956521, 0.9130434782608697]  

F1_score =  [0.28139453673152043, 0.6925240309508682, 0.5814412612284432, 0.6500024563407918, 0.3726864746955964, 0.3904374161131873, 0.5623960089626947, 0.4782153372821926, 0.7182106796715202, 0.4985798012599777]  

MSC_average = [0.256575 , 0.09155176472903186 ]

Precision_average = [0.4702119481893531 , 0.1507369099603279 ]

Recall_average = [0.8813043478260869 , 0.07010793730631323 ]

F1_score_average = [0.5225888003236793 , 0.1375075171280744 ]


################### Majority Voting  ###################

MSC =  [0.1225, 0.005, 0.0075, 0.015, 0.28, 0.3, 0.08, 0.2725, 0.0025, 0.04]  

Precision =  [0.3142857142857143, 0.9565217391304348, 0.9166666666666666, 0.8148148148148148, 0.16541353383458646, 0.15602836879432624, 0.41509433962264153, 0.16923076923076924, 1.0, 0.5945945945945946]  

Recall =  [0.9565217391304348, 0.9565217391304348, 0.9565217391304348, 0.9565217391304348, 0.9565217391304348, 0.9565217391304348, 0.9565217391304348, 0.9565217391304348, 0.9565217391304348, 0.9565217391304348]  

F1_score =  [0.47311827956989244, 0.9565217391304348, 0.9361702127659574, 0.8800000000000001, 0.28205128205128205, 0.2682926829268293, 0.5789473684210527, 0.28758169934640526, 0.9777777777777777, 0.7333333333333334]  

MSC_average = [0.1125 , 0.11807307059613552 ]

Precision_average = [0.5502650540974549 , 0.33108693650618287 ]

Recall_average = [0.9565217391304349 , 1.1102230246251565e-16 ]

F1_score_average = [0.6373794375322965 , 0.2811242210102113 ]


################### Total Robustness ###################

MSC =  [0.6975, 0.0025, 0.0025, 0.015, 0.9425, 0.0, 0.0025, 0.0025, 0.0025, 0.015]  

Precision =  [0.076158940397351, 1.0, 1.0, 0.8148148148148148, 0.0575, 1.0, 1.0, 1.0, 1.0, 0.8148148148148148]  

Recall =  [1.0, 0.9565217391304348, 0.9565217391304348, 0.9565217391304348, 1.0, 1.0, 0.9565217391304348, 0.9565217391304348, 0.9565217391304348, 0.9565217391304348]  

F1_score =  [0.14153846153846153, 0.9777777777777777, 0.9777777777777777, 0.8800000000000001, 0.10874704491725767, 1.0, 0.9777777777777777, 0.9777777777777777, 0.9777777777777777, 0.8800000000000001]  

MSC_average = [0.16824999999999998 , 0.33048647854337393 ]

Precision_average = [0.7763288570026982 , 0.3619513581870764 ]

Recall_average = [0.9695652173913045 , 0.0199242421519819 ]

F1_score_average = [0.7899174395344608 , 0.33484479339633944 ]


################### Largest Robustness ###################

MSC =  [0.6975, 0.0025, 0.0025, 0.015, 0.9425, 0.0025, 0.0025, 0.005, 0.0025, 0.01]  

Precision =  [0.076158940397351, 1.0, 1.0, 0.8148148148148148, 0.0575, 1.0, 1.0, 1.0, 1.0, 0.88]  

Recall =  [1.0, 0.9565217391304348, 0.9565217391304348, 0.9565217391304348, 1.0, 0.9565217391304348, 0.9565217391304348, 0.9130434782608695, 0.9565217391304348, 0.9565217391304348]  

F1_score =  [0.14153846153846153, 0.9777777777777777, 0.9777777777777777, 0.8800000000000001, 0.10874704491725767, 0.9777777777777777, 0.9777777777777777, 0.9545454545454545, 0.9777777777777777, 0.9166666666666666]  

MSC_average = [0.16824999999999998 , 0.330471348985052 ]

Precision_average = [0.7828473755212166 , 0.36317068756159016 ]

Recall_average = [0.9608695652173914 , 0.023413760031019592 ]

F1_score_average = [0.7890386516556729 , 0.333484757366555 ]