MSC = [[0.14475, 0.0025, 0.0025, 0.0025], [0.1465, 0.0025, 0.0025, 0.0025], [0.054749999999999986, 0.0025, 0.0025, 0.0025], [0.21574999999999997, 0.0025, 0.0025, 0.0025], [0.19275, 0.0025, 0.0025, 0.0025], [0.014750000000000003, 0.0025, 0.0025, 0.0025], [0.20175, 0.0025, 0.0025, 0.0025], [0.371, 0.005, 0.0025, 0.0025], [0.14225000000000002, 0.0025, 0.0025, 0.0025], [0.195, 0.0025, 0.0025, 0.0025]]

Precision = [[0.7443107903856079, 1.0, 1.0, 1.0], [0.8164817073170731, 1.0, 1.0, 1.0], [0.9067632850241546, 1.0, 1.0, 1.0], [0.7306666666666667, 1.0, 1.0, 1.0], [0.8114999999999999, 1.0, 1.0, 1.0], [0.9319444444444445, 1.0, 1.0, 1.0], [0.7443125, 1.0, 1.0, 1.0], [0.6169545244690674, 0.9565217391304348, 1.0, 1.0], [0.7392949735449735, 1.0, 1.0, 1.0], [0.6452770485535874, 1.0, 1.0, 1.0]]

Recall = [[0.9565217391304349, 0.9565217391304348, 0.9565217391304348, 0.9565217391304348], [0.8869565217391304, 0.9565217391304348, 0.9565217391304348, 0.9565217391304348], [0.8869565217391304, 0.9565217391304348, 0.9565217391304348, 0.9565217391304348], [0.9478260869565218, 0.9565217391304348, 0.9565217391304348, 0.9565217391304348], [0.9260869565217391, 0.9565217391304348, 0.9565217391304348, 0.9565217391304348], [0.9565217391304349, 0.9565217391304348, 0.9565217391304348, 0.9565217391304348], [0.9565217391304348, 0.9565217391304348, 0.9565217391304348, 0.9565217391304348], [0.9391304347826086, 0.9565217391304348, 0.9565217391304348, 0.9565217391304348], [0.8478260869565217, 0.9565217391304348, 0.9565217391304348, 0.9565217391304348], [0.8, 0.9565217391304348, 0.9565217391304348, 0.9565217391304348]]

F1_score = [[0.7569508346457248, 0.9777777777777777, 0.9777777777777777, 0.9777777777777777], [0.7503316802644909, 0.9777777777777777, 0.9777777777777777, 0.9777777777777777], [0.8710202713635207, 0.9777777777777777, 0.9777777777777777, 0.9777777777777777], [0.7255839078179503, 0.9777777777777777, 0.9777777777777777, 0.9777777777777777], [0.7795462967803393, 0.9777777777777777, 0.9777777777777777, 0.9777777777777777], [0.9260978203083466, 0.9777777777777777, 0.9777777777777777, 0.9777777777777777], [0.7521464831736291, 0.9777777777777777, 0.9777777777777777, 0.9777777777777777], [0.6071763795570486, 0.9565217391304348, 0.9777777777777777, 0.9777777777777777], [0.7166741827912041, 0.9777777777777777, 0.9777777777777777, 0.9777777777777777], [0.6528021588781966, 0.9777777777777777, 0.9777777777777777, 0.9777777777777777]]

Average and standard deviation for AV, MV, AR, LR

MSC = [0.167925 0.00275  0.0025   0.0025  ] +- [9.16223942e-02 7.50000000e-04 4.33680869e-19 4.33680869e-19]

Precision = [0.76875059 0.99565217 1.         1.        ] +- [0.09570048 0.01304348 0.         0.        ]

Recall = [0.91043478 0.95652174 0.95652174 0.95652174] +- [0.05104577 0.         0.         0.        ]

F1_score = [0.753833   0.97565217 0.97777778 0.97777778] +- [8.83109320e-02 6.37681159e-03 1.11022302e-16 1.11022302e-16]


################### Average ###################

MSC =  [0.14475, 0.1465, 0.054749999999999986, 0.21574999999999997, 0.19275, 0.014750000000000003, 0.20175, 0.371, 0.14225000000000002, 0.195]  

Precision =  [0.7443107903856079, 0.8164817073170731, 0.9067632850241546, 0.7306666666666667, 0.8114999999999999, 0.9319444444444445, 0.7443125, 0.6169545244690674, 0.7392949735449735, 0.6452770485535874]  

Recall =  [0.9565217391304349, 0.8869565217391304, 0.8869565217391304, 0.9478260869565218, 0.9260869565217391, 0.9565217391304349, 0.9565217391304348, 0.9391304347826086, 0.8478260869565217, 0.8]  

F1_score =  [0.7569508346457248, 0.7503316802644909, 0.8710202713635207, 0.7255839078179503, 0.7795462967803393, 0.9260978203083466, 0.7521464831736291, 0.6071763795570486, 0.7166741827912041, 0.6528021588781966]  

MSC_average = [0.16792500000000002 , 0.09162239423306946 ]

Precision_average = [0.7687505940405575 , 0.0957004771593035 ]

Recall_average = [0.9104347826086958 , 0.051045774335440615 ]

F1_score_average = [0.753833001558045 , 0.08831093197989465 ]


################### Majority Voting  ###################

MSC =  [0.0025, 0.0025, 0.0025, 0.0025, 0.0025, 0.0025, 0.0025, 0.005, 0.0025, 0.0025]  

Precision =  [1.0, 1.0, 1.0, 1.0, 1.0, 1.0, 1.0, 0.9565217391304348, 1.0, 1.0]  

Recall =  [0.9565217391304348, 0.9565217391304348, 0.9565217391304348, 0.9565217391304348, 0.9565217391304348, 0.9565217391304348, 0.9565217391304348, 0.9565217391304348, 0.9565217391304348, 0.9565217391304348]  

F1_score =  [0.9777777777777777, 0.9777777777777777, 0.9777777777777777, 0.9777777777777777, 0.9777777777777777, 0.9777777777777777, 0.9777777777777777, 0.9565217391304348, 0.9777777777777777, 0.9777777777777777]  

MSC_average = [0.00275 , 0.0007499999999999999 ]

Precision_average = [0.9956521739130434 , 0.013043478260869556 ]

Recall_average = [0.9565217391304349 , 1.1102230246251565e-16 ]

F1_score_average = [0.9756521739130435 , 0.006376811594202879 ]


################### Total Robustness ###################

MSC =  [0.0025, 0.0025, 0.0025, 0.0025, 0.0025, 0.0025, 0.0025, 0.0025, 0.0025, 0.0025]  

Precision =  [1.0, 1.0, 1.0, 1.0, 1.0, 1.0, 1.0, 1.0, 1.0, 1.0]  

Recall =  [0.9565217391304348, 0.9565217391304348, 0.9565217391304348, 0.9565217391304348, 0.9565217391304348, 0.9565217391304348, 0.9565217391304348, 0.9565217391304348, 0.9565217391304348, 0.9565217391304348]  

F1_score =  [0.9777777777777777, 0.9777777777777777, 0.9777777777777777, 0.9777777777777777, 0.9777777777777777, 0.9777777777777777, 0.9777777777777777, 0.9777777777777777, 0.9777777777777777, 0.9777777777777777]  

MSC_average = [0.0024999999999999996 , 4.336808689942018e-19 ]

Precision_average = [1.0 , 0.0 ]

Recall_average = [0.9565217391304349 , 1.1102230246251565e-16 ]

F1_score_average = [0.9777777777777776 , 1.1102230246251565e-16 ]


################### Largest Robustness ###################

MSC =  [0.0025, 0.0025, 0.0025, 0.0025, 0.0025, 0.0025, 0.0025, 0.0025, 0.0025, 0.0025]  

Precision =  [1.0, 1.0, 1.0, 1.0, 1.0, 1.0, 1.0, 1.0, 1.0, 1.0]  

Recall =  [0.9565217391304348, 0.9565217391304348, 0.9565217391304348, 0.9565217391304348, 0.9565217391304348, 0.9565217391304348, 0.9565217391304348, 0.9565217391304348, 0.9565217391304348, 0.9565217391304348]  

F1_score =  [0.9777777777777777, 0.9777777777777777, 0.9777777777777777, 0.9777777777777777, 0.9777777777777777, 0.9777777777777777, 0.9777777777777777, 0.9777777777777777, 0.9777777777777777, 0.9777777777777777]  

MSC_average = [0.0024999999999999996 , 4.336808689942018e-19 ]

Precision_average = [1.0 , 0.0 ]

Recall_average = [0.9565217391304349 , 1.1102230246251565e-16 ]

F1_score_average = [0.9777777777777776 , 1.1102230246251565e-16 ]