MSC = [[0.19049999999999997, 0.005, 0.0025, 0.0025], [0.2, 0.04, 0.1475, 0.15], [0.10899999999999999, 0.0125, 0.0025, 0.0025], [0.07875, 0.01, 0.0025, 0.0575], [0.2845, 0.2375, 0.0075, 0.0075], [0.25675, 0.2925, 0.53, 0.5325], [0.143, 0.065, 0.005, 0.005], [0.128, 0.035, 0.0025, 0.005], [0.17075, 0.205, 0.0025, 0.0025], [0.22524999999999995, 0.02, 0.005, 0.005]]

Precision = [[0.520721659287064, 0.9565217391304348, 1.0, 1.0], [0.4490203970647489, 0.5945945945945946, 0.275, 0.2716049382716049], [0.5186851922994835, 0.8461538461538461, 1.0, 1.0], [0.7136427889124161, 0.88, 1.0, 0], [0.35837205059658755, 0.1896551724137931, 0.8846153846153846, 0.8846153846153846], [0.21860349214760538, 0.15942028985507245, 0.0944206008583691, 0.09401709401709402], [0.5307531573542226, 0.4666666666666667, 0.9565217391304348, 0.9565217391304348], [0.5605842983020377, 0.6285714285714286, 1.0, 0.9565217391304348], [0.4872357475713594, 0.2079207920792079, 1.0, 1.0], [0.46575114515199284, 0.7419354838709677, 0.92, 0.9565217391304348]]

Recall = [[0.8130434782608695, 0.9565217391304348, 0.9565217391304348, 0.9565217391304348], [0.9565217391304348, 0.9565217391304348, 0.9565217391304348, 0.9565217391304348], [0.8565217391304347, 0.9565217391304348, 0.9565217391304348, 0.9565217391304348], [0.8608695652173914, 0.9565217391304348, 0.9565217391304348, 0.0], [0.9, 0.9565217391304348, 1.0, 1.0], [0.7652173913043477, 0.9565217391304348, 0.9565217391304348, 0.9565217391304348], [0.9347826086956521, 0.9130434782608695, 0.9565217391304348, 0.9565217391304348], [0.9347826086956523, 0.9565217391304348, 0.9565217391304348, 0.9565217391304348], [0.9304347826086957, 0.9130434782608695, 0.9565217391304348, 0.9565217391304348], [0.8608695652173912, 1.0, 1.0, 0.9565217391304348]]

F1_score = [[0.553882077799844, 0.9565217391304348, 0.9777777777777777, 0.9777777777777777], [0.5486595747752164, 0.7333333333333334, 0.42718446601941745, 0.423076923076923], [0.5854437195224866, 0.8979591836734695, 0.9777777777777777, 0.9777777777777777], [0.7468260073260072, 0.9166666666666666, 0.9777777777777777, 0], [0.44645080396348985, 0.31654676258992803, 0.9387755102040816, 0.9387755102040816], [0.29294958204705285, 0.27329192546583847, 0.17187500000000003, 0.17120622568093388], [0.6050232596467764, 0.6176470588235294, 0.9565217391304348, 0.9565217391304348], [0.6271187982178045, 0.7586206896551724, 0.9777777777777777, 0.9565217391304348], [0.5620010549807264, 0.3387096774193548, 0.9777777777777777, 0.9777777777777777], [0.5191754748777598, 0.8518518518518519, 0.9583333333333334, 0.9565217391304348]]

Average and standard deviation for AV, MV, AR, LR

MSC = [0.17865 0.09225 0.07075 0.077  ] +- [0.06229087 0.10325605 0.1589774  0.15818423]

Precision = [0.48233699 0.567144   0.81305577 0.71198026] +- [0.12292089 0.28465642 0.31903316 0.39252967]

Recall = [0.88130435 0.95217391 0.96521739 0.86521739] +- [0.058074   0.02341376 0.0173913  0.28869696]

F1_score = [0.54875304 0.66611489 0.83415789 0.73359572] +- [0.11263412 0.25189066 0.27362687 0.36344573]


################### Average ###################

MSC =  [0.19049999999999997, 0.2, 0.10899999999999999, 0.07875, 0.2845, 0.25675, 0.143, 0.128, 0.17075, 0.22524999999999995]  

Precision =  [0.520721659287064, 0.4490203970647489, 0.5186851922994835, 0.7136427889124161, 0.35837205059658755, 0.21860349214760538, 0.5307531573542226, 0.5605842983020377, 0.4872357475713594, 0.46575114515199284]  

Recall =  [0.8130434782608695, 0.9565217391304348, 0.8565217391304347, 0.8608695652173914, 0.9, 0.7652173913043477, 0.9347826086956521, 0.9347826086956523, 0.9304347826086957, 0.8608695652173912]  

F1_score =  [0.553882077799844, 0.5486595747752164, 0.5854437195224866, 0.7468260073260072, 0.44645080396348985, 0.29294958204705285, 0.6050232596467764, 0.6271187982178045, 0.5620010549807264, 0.5191754748777598]  

MSC_average = [0.17864999999999998 , 0.06229087011753808 ]

Precision_average = [0.48233699286875176 , 0.12292089379174224 ]

Recall_average = [0.8813043478260869 , 0.058074002721187526 ]

F1_score_average = [0.5487530353157164 , 0.11263412034194806 ]


################### Majority Voting  ###################

MSC =  [0.005, 0.04, 0.0125, 0.01, 0.2375, 0.2925, 0.065, 0.035, 0.205, 0.02]  

Precision =  [0.9565217391304348, 0.5945945945945946, 0.8461538461538461, 0.88, 0.1896551724137931, 0.15942028985507245, 0.4666666666666667, 0.6285714285714286, 0.2079207920792079, 0.7419354838709677]  

Recall =  [0.9565217391304348, 0.9565217391304348, 0.9565217391304348, 0.9565217391304348, 0.9565217391304348, 0.9565217391304348, 0.9130434782608695, 0.9565217391304348, 0.9130434782608695, 1.0]  

F1_score =  [0.9565217391304348, 0.7333333333333334, 0.8979591836734695, 0.9166666666666666, 0.31654676258992803, 0.27329192546583847, 0.6176470588235294, 0.7586206896551724, 0.3387096774193548, 0.8518518518518519]  

MSC_average = [0.09225 , 0.10325605309133212 ]

Precision_average = [0.5671440013336013 , 0.28465641887455617 ]

Recall_average = [0.9521739130434783 , 0.023413760031019606 ]

F1_score_average = [0.6661148888609579 , 0.25189065672706396 ]


################### Total Robustness ###################

MSC =  [0.0025, 0.1475, 0.0025, 0.0025, 0.0075, 0.53, 0.005, 0.0025, 0.0025, 0.005]  

Precision =  [1.0, 0.275, 1.0, 1.0, 0.8846153846153846, 0.0944206008583691, 0.9565217391304348, 1.0, 1.0, 0.92]  

Recall =  [0.9565217391304348, 0.9565217391304348, 0.9565217391304348, 0.9565217391304348, 1.0, 0.9565217391304348, 0.9565217391304348, 0.9565217391304348, 0.9565217391304348, 1.0]  

F1_score =  [0.9777777777777777, 0.42718446601941745, 0.9777777777777777, 0.9777777777777777, 0.9387755102040816, 0.17187500000000003, 0.9565217391304348, 0.9777777777777777, 0.9777777777777777, 0.9583333333333334]  

MSC_average = [0.07075 , 0.15897739619203732 ]

Precision_average = [0.8130557724604188 , 0.31903316045228086 ]

Recall_average = [0.9652173913043478 , 0.017391304347826077 ]

F1_score_average = [0.8341578937576155 , 0.2736268725468954 ]


################### Largest Robustness ###################

MSC =  [0.0025, 0.15, 0.0025, 0.0575, 0.0075, 0.5325, 0.005, 0.005, 0.0025, 0.005]  

Precision =  [1.0, 0.2716049382716049, 1.0, 0, 0.8846153846153846, 0.09401709401709402, 0.9565217391304348, 0.9565217391304348, 1.0, 0.9565217391304348]  

Recall =  [0.9565217391304348, 0.9565217391304348, 0.9565217391304348, 0.0, 1.0, 0.9565217391304348, 0.9565217391304348, 0.9565217391304348, 0.9565217391304348, 0.9565217391304348]  

F1_score =  [0.9777777777777777, 0.423076923076923, 0.9777777777777777, 0, 0.9387755102040816, 0.17120622568093388, 0.9565217391304348, 0.9565217391304348, 0.9777777777777777, 0.9565217391304348]  

MSC_average = [0.07699999999999999 , 0.15818422803806959 ]

Precision_average = [0.7119802634295388 , 0.3925296666896078 ]

Recall_average = [0.8652173913043478 , 0.28869696175711357 ]

F1_score_average = [0.7335957209686577 , 0.36344572570210787 ]