MSC = [[0.311, 0.1125, 0.0225, 0.0275], [0.13225, 0.1075, 0.0175, 0.0125], [0.24425, 0.1125, 0.09, 0.09], [0.19225, 0.0375, 0.0325, 0.035], [0.1825, 0.1025, 0.0925, 0.095], [0.1685, 0.0425, 0.025, 0.0325], [0.19224999999999998, 0.0875, 0.0225, 0.025], [0.24, 0.1025, 0.015, 0.015], [0.2375, 0.105, 0.0225, 0.0225], [0.13575, 0.11, 0.0325, 0.0275]]

Precision = [[0.5106012692480238, 0.7068965517241379, 0.9411764705882353, 0.9264705882352942], [0.729504655728131, 0.9333333333333333, 0.9558823529411765, 0.9848484848484849], [0.5954766117597334, 0.7727272727272727, 0.9459459459459459, 0.9459459459459459], [0.6915789708574527, 0.9655172413793104, 0.8783783783783784, 0.8873239436619719], [0.6266750956474807, 0.85, 0.9444444444444444, 0.9428571428571428], [0.7641836623325747, 0.9814814814814815, 0.9682539682539683, 0.9666666666666667], [0.7465658307278995, 0.9722222222222222, 0.96875, 0.9682539682539683], [0.594618342251261, 0.8888888888888888, 0.9701492537313433, 0.9701492537313433], [0.6408092463531027, 0.813953488372093, 0.96875, 0.96875], [0.757504095664032, 0.9310344827586207, 0.9516129032258065, 0.9833333333333333]]

Recall = [[0.6318840579710145, 0.5942028985507246, 0.927536231884058, 0.9130434782608695], [0.455072463768116, 0.4057971014492754, 0.9420289855072463, 0.9420289855072463], [0.5086956521739129, 0.4927536231884058, 0.5072463768115942, 0.5072463768115942], [0.6579710144927535, 0.8115942028985508, 0.9420289855072463, 0.9130434782608695], [0.45942028985507244, 0.4927536231884058, 0.4927536231884058, 0.4782608695652174], [0.6608695652173913, 0.7681159420289855, 0.8840579710144928, 0.8405797101449275], [0.5594202898550724, 0.5072463768115942, 0.8985507246376812, 0.8840579710144928], [0.5811594202898551, 0.463768115942029, 0.9420289855072463, 0.9420289855072463], [0.5840579710144927, 0.5072463768115942, 0.8985507246376812, 0.8985507246376812], [0.427536231884058, 0.391304347826087, 0.855072463768116, 0.855072463768116]]

F1_score = [[0.4914479365720677, 0.6456692913385826, 0.9343065693430658, 0.9197080291970804], [0.5228068965940185, 0.5656565656565656, 0.9489051094890512, 0.962962962962963], [0.48288046403164947, 0.6017699115044248, 0.660377358490566, 0.660377358490566], [0.5914445426224102, 0.8818897637795277, 0.9090909090909092, 0.9], [0.5006949273557706, 0.6238532110091743, 0.6476190476190476, 0.6346153846153846], [0.6519096538171064, 0.8617886178861789, 0.9242424242424243, 0.8992248062015503], [0.5700720673616272, 0.6666666666666666, 0.9323308270676692, 0.9242424242424243], [0.4973317476593809, 0.6095238095238095, 0.9558823529411764, 0.9558823529411764], [0.5236650641722371, 0.625, 0.9323308270676692, 0.9323308270676692], [0.5193558628371183, 0.5510204081632654, 0.900763358778626, 0.9147286821705427]]

Average and standard deviation for AV, MV, AR, LR

MSC = [0.203625 0.092    0.03725  0.03825 ] +- [0.05224046 0.02689796 0.02751023 0.0279296 ]

Precision = [0.66575178 0.8816055  0.94933437 0.95445993] +- [0.08098708 0.08851735 0.02594207 0.02836289]

Recall = [0.5526087  0.54347826 0.82898551 0.8173913 ] +- [0.08168579 0.13459548 0.16673597 0.16539528]

F1_score = [0.53516092 0.66328382 0.87458488 0.87040728] +- [0.05080797 0.10924427 0.11140415 0.11332114]


################### Average ###################

MSC =  [0.311, 0.13225, 0.24425, 0.19225, 0.1825, 0.1685, 0.19224999999999998, 0.24, 0.2375, 0.13575]  

Precision =  [0.5106012692480238, 0.729504655728131, 0.5954766117597334, 0.6915789708574527, 0.6266750956474807, 0.7641836623325747, 0.7465658307278995, 0.594618342251261, 0.6408092463531027, 0.757504095664032]  

Recall =  [0.6318840579710145, 0.455072463768116, 0.5086956521739129, 0.6579710144927535, 0.45942028985507244, 0.6608695652173913, 0.5594202898550724, 0.5811594202898551, 0.5840579710144927, 0.427536231884058]  

F1_score =  [0.4914479365720677, 0.5228068965940185, 0.48288046403164947, 0.5914445426224102, 0.5006949273557706, 0.6519096538171064, 0.5700720673616272, 0.4973317476593809, 0.5236650641722371, 0.5193558628371183]  

MSC_average = [0.203625 , 0.052240459655328454 ]

Precision_average = [0.6657517780569691 , 0.08098707928055862 ]

Recall_average = [0.5526086956521737 , 0.0816857930613992 ]

F1_score_average = [0.5351609163023386 , 0.05080797140834539 ]


################### Majority Voting  ###################

MSC =  [0.1125, 0.1075, 0.1125, 0.0375, 0.1025, 0.0425, 0.0875, 0.1025, 0.105, 0.11]  

Precision =  [0.7068965517241379, 0.9333333333333333, 0.7727272727272727, 0.9655172413793104, 0.85, 0.9814814814814815, 0.9722222222222222, 0.8888888888888888, 0.813953488372093, 0.9310344827586207]  

Recall =  [0.5942028985507246, 0.4057971014492754, 0.4927536231884058, 0.8115942028985508, 0.4927536231884058, 0.7681159420289855, 0.5072463768115942, 0.463768115942029, 0.5072463768115942, 0.391304347826087]  

F1_score =  [0.6456692913385826, 0.5656565656565656, 0.6017699115044248, 0.8818897637795277, 0.6238532110091743, 0.8617886178861789, 0.6666666666666666, 0.6095238095238095, 0.625, 0.5510204081632654]  

MSC_average = [0.092 , 0.02689795531262553 ]

Precision_average = [0.8816054962887361 , 0.08851734885624324 ]

Recall_average = [0.5434782608695652 , 0.13459547551454137 ]

F1_score_average = [0.6632838245528195 , 0.10924427060626493 ]


################### Total Robustness ###################

MSC =  [0.0225, 0.0175, 0.09, 0.0325, 0.0925, 0.025, 0.0225, 0.015, 0.0225, 0.0325]  

Precision =  [0.9411764705882353, 0.9558823529411765, 0.9459459459459459, 0.8783783783783784, 0.9444444444444444, 0.9682539682539683, 0.96875, 0.9701492537313433, 0.96875, 0.9516129032258065]  

Recall =  [0.927536231884058, 0.9420289855072463, 0.5072463768115942, 0.9420289855072463, 0.4927536231884058, 0.8840579710144928, 0.8985507246376812, 0.9420289855072463, 0.8985507246376812, 0.855072463768116]  

F1_score =  [0.9343065693430658, 0.9489051094890512, 0.660377358490566, 0.9090909090909092, 0.6476190476190476, 0.9242424242424243, 0.9323308270676692, 0.9558823529411764, 0.9323308270676692, 0.900763358778626]  

MSC_average = [0.037250000000000005 , 0.027510225371668622 ]

Precision_average = [0.9493343717509297 , 0.02594206740609311 ]

Recall_average = [0.8289855072463768 , 0.16673596542921337 ]

F1_score_average = [0.8745848784130205 , 0.11140415002860865 ]


################### Largest Robustness ###################

MSC =  [0.0275, 0.0125, 0.09, 0.035, 0.095, 0.0325, 0.025, 0.015, 0.0225, 0.0275]  

Precision =  [0.9264705882352942, 0.9848484848484849, 0.9459459459459459, 0.8873239436619719, 0.9428571428571428, 0.9666666666666667, 0.9682539682539683, 0.9701492537313433, 0.96875, 0.9833333333333333]  

Recall =  [0.9130434782608695, 0.9420289855072463, 0.5072463768115942, 0.9130434782608695, 0.4782608695652174, 0.8405797101449275, 0.8840579710144928, 0.9420289855072463, 0.8985507246376812, 0.855072463768116]  

F1_score =  [0.9197080291970804, 0.962962962962963, 0.660377358490566, 0.9, 0.6346153846153846, 0.8992248062015503, 0.9242424242424243, 0.9558823529411764, 0.9323308270676692, 0.9147286821705427]  

MSC_average = [0.038250000000000006 , 0.027929598994615012 ]

Precision_average = [0.9544599327534151 , 0.028362889635822123 ]

Recall_average = [0.817391304347826 , 0.165395276726807 ]

F1_score_average = [0.8704072827889358 , 0.11332113937546896 ]