MSC = [[0.17825000000000002, 0.0925, 0.02, 0.02], [0.18025, 0.09, 0.03, 0.035], [0.11275000000000002, 0.0875, 0.03, 0.035], [0.26349999999999996, 0.1175, 0.0875, 0.09], [0.17775, 0.0875, 0.0275, 0.0275], [0.1485, 0.0875, 0.015, 0.015], [0.16724999999999995, 0.0875, 0.0225, 0.0225], [0.221, 0.0925, 0.035, 0.0325], [0.1655, 0.09, 0.015, 0.02], [0.29924999999999996, 0.1375, 0.09, 0.09]]

Precision = [[0.6755529346429205, 0.9444444444444444, 0.9420289855072463, 0.9420289855072463], [0.7725863847796243, 0.9714285714285714, 0.9672131147540983, 0.9661016949152542], [0.8180095608627471, 0.9722222222222222, 0.9830508474576272, 0.9824561403508771], [0.5878626227913253, 0.7291666666666666, 0.9722222222222222, 0.9714285714285714], [0.7806395722384762, 0.9722222222222222, 0.967741935483871, 0.967741935483871], [0.7980630934239759, 0.9722222222222222, 0.9701492537313433, 0.9701492537313433], [0.6889350062375316, 0.9473684210526315, 0.96875, 0.96875], [0.7553258585366094, 0.9444444444444444, 0.9661016949152542, 1.0], [0.7497089472089471, 0.9714285714285714, 0.9701492537313433, 0.9841269841269841], [0.4005271945438051, 0.71875, 0.9459459459459459, 0.9459459459459459]]

Recall = [[0.5608695652173914, 0.4927536231884058, 0.9420289855072463, 0.9420289855072463], [0.527536231884058, 0.4927536231884058, 0.855072463768116, 0.8260869565217391], [0.5144927536231885, 0.5072463768115942, 0.8405797101449275, 0.8115942028985508], [0.5173913043478262, 0.5072463768115942, 0.5072463768115942, 0.4927536231884058], [0.5159420289855072, 0.5072463768115942, 0.8695652173913043, 0.8695652173913043], [0.5739130434782609, 0.5072463768115942, 0.9420289855072463, 0.9420289855072463], [0.5463768115942029, 0.5217391304347826, 0.8985507246376812, 0.8985507246376812], [0.6086956521739132, 0.4927536231884058, 0.8260869565217391, 0.8115942028985508], [0.5449275362318841, 0.4927536231884058, 0.9420289855072463, 0.8985507246376812], [0.4304347826086956, 0.3333333333333333, 0.5072463768115942, 0.5072463768115942]]

F1_score = [[0.5538537119297293, 0.6476190476190476, 0.9420289855072463, 0.9420289855072463], [0.5627604414866518, 0.6538461538461539, 0.9076923076923077, 0.890625], [0.620898023503776, 0.6666666666666666, 0.9062499999999999, 0.888888888888889], [0.478031750901122, 0.5982905982905983, 0.6666666666666666, 0.6538461538461539], [0.5657112485713751, 0.6666666666666666, 0.9160305343511451, 0.9160305343511451], [0.6235658509229324, 0.6666666666666666, 0.9558823529411764, 0.9558823529411764], [0.5537127542157363, 0.6728971962616822, 0.9323308270676692, 0.9323308270676692], [0.5872422337079926, 0.6476190476190476, 0.890625, 0.896], [0.5931886404284363, 0.6538461538461539, 0.9558823529411764, 0.9393939393939393], [0.3433425205934701, 0.45544554455445546, 0.660377358490566, 0.660377358490566]]

Average and standard deviation for AV, MV, AR, LR

MSC = [0.1914  0.097   0.03725 0.03875] +- [0.05241185 0.016      0.02649174 0.02641614]

Precision = [0.70272112 0.91436978 0.96533533 0.96987295] +- [0.11989616 0.09592565 0.0116117  0.01624642]

Recall = [0.53405797 0.48550725 0.81304348 0.8       ] +- [0.0446285  0.05154614 0.15815705 0.1567363 ]

F1_score = [0.54823072 0.63295637 0.87337664 0.8675404 ] +- [0.07873021 0.06246518 0.10689991 0.10744544]


################### Average ###################

MSC =  [0.17825000000000002, 0.18025, 0.11275000000000002, 0.26349999999999996, 0.17775, 0.1485, 0.16724999999999995, 0.221, 0.1655, 0.29924999999999996]  

Precision =  [0.6755529346429205, 0.7725863847796243, 0.8180095608627471, 0.5878626227913253, 0.7806395722384762, 0.7980630934239759, 0.6889350062375316, 0.7553258585366094, 0.7497089472089471, 0.4005271945438051]  

Recall =  [0.5608695652173914, 0.527536231884058, 0.5144927536231885, 0.5173913043478262, 0.5159420289855072, 0.5739130434782609, 0.5463768115942029, 0.6086956521739132, 0.5449275362318841, 0.4304347826086956]  

F1_score =  [0.5538537119297293, 0.5627604414866518, 0.620898023503776, 0.478031750901122, 0.5657112485713751, 0.6235658509229324, 0.5537127542157363, 0.5872422337079926, 0.5931886404284363, 0.3433425205934701]  

MSC_average = [0.1914 , 0.052411854575086333 ]

Precision_average = [0.7027211175265962 , 0.11989615570532634 ]

Recall_average = [0.5340579710144928 , 0.04462850460916763 ]

F1_score_average = [0.5482307176261222 , 0.07873020621230299 ]


################### Majority Voting  ###################

MSC =  [0.0925, 0.09, 0.0875, 0.1175, 0.0875, 0.0875, 0.0875, 0.0925, 0.09, 0.1375]  

Precision =  [0.9444444444444444, 0.9714285714285714, 0.9722222222222222, 0.7291666666666666, 0.9722222222222222, 0.9722222222222222, 0.9473684210526315, 0.9444444444444444, 0.9714285714285714, 0.71875]  

Recall =  [0.4927536231884058, 0.4927536231884058, 0.5072463768115942, 0.5072463768115942, 0.5072463768115942, 0.5072463768115942, 0.5217391304347826, 0.4927536231884058, 0.4927536231884058, 0.3333333333333333]  

F1_score =  [0.6476190476190476, 0.6538461538461539, 0.6666666666666666, 0.5982905982905983, 0.6666666666666666, 0.6666666666666666, 0.6728971962616822, 0.6476190476190476, 0.6538461538461539, 0.45544554455445546]  

MSC_average = [0.097 , 0.016000000000000004 ]

Precision_average = [0.9143697786131997 , 0.09592564791630301 ]

Recall_average = [0.48550724637681164 , 0.05154614273559056 ]

F1_score_average = [0.632956374203714 , 0.06246517842229779 ]


################### Total Robustness ###################

MSC =  [0.02, 0.03, 0.03, 0.0875, 0.0275, 0.015, 0.0225, 0.035, 0.015, 0.09]  

Precision =  [0.9420289855072463, 0.9672131147540983, 0.9830508474576272, 0.9722222222222222, 0.967741935483871, 0.9701492537313433, 0.96875, 0.9661016949152542, 0.9701492537313433, 0.9459459459459459]  

Recall =  [0.9420289855072463, 0.855072463768116, 0.8405797101449275, 0.5072463768115942, 0.8695652173913043, 0.9420289855072463, 0.8985507246376812, 0.8260869565217391, 0.9420289855072463, 0.5072463768115942]  

F1_score =  [0.9420289855072463, 0.9076923076923077, 0.9062499999999999, 0.6666666666666666, 0.9160305343511451, 0.9558823529411764, 0.9323308270676692, 0.890625, 0.9558823529411764, 0.660377358490566]  

MSC_average = [0.03724999999999999 , 0.0264917439969512 ]

Precision_average = [0.9653353253748952 , 0.011611699213270352 ]

Recall_average = [0.8130434782608695 , 0.1581570504087404 ]

F1_score_average = [0.8733766385657953 , 0.10689991418340283 ]


################### Largest Robustness ###################

MSC =  [0.02, 0.035, 0.035, 0.09, 0.0275, 0.015, 0.0225, 0.0325, 0.02, 0.09]  

Precision =  [0.9420289855072463, 0.9661016949152542, 0.9824561403508771, 0.9714285714285714, 0.967741935483871, 0.9701492537313433, 0.96875, 1.0, 0.9841269841269841, 0.9459459459459459]  

Recall =  [0.9420289855072463, 0.8260869565217391, 0.8115942028985508, 0.4927536231884058, 0.8695652173913043, 0.9420289855072463, 0.8985507246376812, 0.8115942028985508, 0.8985507246376812, 0.5072463768115942]  

F1_score =  [0.9420289855072463, 0.890625, 0.888888888888889, 0.6538461538461539, 0.9160305343511451, 0.9558823529411764, 0.9323308270676692, 0.896, 0.9393939393939393, 0.660377358490566]  

MSC_average = [0.03874999999999999 , 0.026416140899079107 ]

Precision_average = [0.9698729511490093 , 0.01624642144579607 ]

Recall_average = [0.8 , 0.1567362995315452 ]

F1_score_average = [0.8675404040486784 , 0.10744544470875894 ]