MSC = [[0.262, 0.2975, 0.0025, 0.0025], [0.14075000000000001, 0.01, 0.0025, 0.0025], [0.31124999999999997, 0.0075, 0.0025, 0.0025], [0.16524999999999998, 0.0025, 0.005, 0.0575], [0.26949999999999996, 0.0225, 0.0025, 0.0025], [0.29175, 0.07, 0.0175, 0.135], [0.325, 0.0125, 0.0025, 0.0025], [0.22149999999999997, 0.0175, 0.0025, 0.0025], [0.44825, 0.5225, 0.9425, 0.9425], [0.19699999999999998, 0.0025, 0.0025, 0.0025]]

Precision = [[0.3045346539758398, 0.15217391304347827, 1.0, 1.0], [0.4389600446281154, 0.9130434782608695, 1.0, 1.0], [0.3420866037232382, 1.0, 1.0, 1.0], [0.5432799987368953, 1.0, 1.0, 0], [0.503559726023893, 0.7333333333333333, 1.0, 1.0], [0.48675061119659524, 0.4489795918367347, 0.7857142857142857, 0.29333333333333333], [0.5881683126814705, 0.8461538461538461, 1.0, 1.0], [0.5506503450251541, 0.7857142857142857, 1.0, 1.0], [0.24235766927098584, 0.09210526315789473, 0.0575, 0.0575], [0.5083234594173864, 1.0, 1.0, 1.0]]

Recall = [[0.6956521739130433, 0.9130434782608695, 0.9565217391304348, 0.9565217391304348], [0.7478260869565218, 0.9130434782608695, 0.9565217391304348, 0.9565217391304348], [0.6391304347826088, 0.8695652173913043, 0.9565217391304348, 0.9565217391304348], [0.7608695652173914, 0.9565217391304348, 0.9130434782608695, 0.0], [0.7869565217391303, 0.9565217391304348, 0.9565217391304348, 0.9565217391304348], [0.7782608695652173, 0.9565217391304348, 0.9565217391304348, 0.9565217391304348], [0.9565217391304348, 0.9565217391304348, 0.9565217391304348, 0.9565217391304348], [0.8043478260869564, 0.9565217391304348, 0.9565217391304348, 0.9565217391304348], [0.6956521739130435, 0.9130434782608695, 1.0, 1.0], [0.6695652173913044, 0.9565217391304348, 0.9565217391304348, 0.9565217391304348]]

F1_score = [[0.34299435882713614, 0.26086956521739135, 0.9777777777777777, 0.9777777777777777], [0.49485007566225836, 0.9130434782608695, 0.9777777777777777, 0.9777777777777777], [0.3674831832699931, 0.9302325581395349, 0.9777777777777777, 0.9777777777777777], [0.5717503389211978, 0.9777777777777777, 0.9545454545454545, 0], [0.5287802008719344, 0.8301886792452831, 0.9777777777777777, 0.9777777777777777], [0.5130528240195854, 0.6111111111111112, 0.8627450980392156, 0.44897959183673475], [0.6204129456423592, 0.8979591836734695, 0.9777777777777777, 0.9777777777777777], [0.5641691932976347, 0.8627450980392156, 0.9777777777777777, 0.9777777777777777], [0.2699838092643828, 0.16733067729083664, 0.10874704491725767, 0.10874704491725767], [0.5297112948307792, 0.9777777777777777, 0.9777777777777777, 0.9777777777777777]]

Average and standard deviation for AV, MV, AR, LR

MSC = [0.263225 0.0965   0.09825  0.11525 ] +- [0.08481586 0.16565853 0.28145171 0.27875717]

Precision = [0.45086714 0.69715037 0.88432143 0.73508333] +- [0.11026249 0.32829651 0.28291506 0.41059416]

Recall = [0.75347826 0.93478261 0.95652174 0.86521739] +- [0.08511196 0.0291661  0.01944407 0.28869696]

F1_score = [0.48031882 0.74290359 0.8770482  0.74021711] +- [0.10812885 0.28309091 0.25836451 0.37769572]


################### Average ###################

MSC =  [0.262, 0.14075000000000001, 0.31124999999999997, 0.16524999999999998, 0.26949999999999996, 0.29175, 0.325, 0.22149999999999997, 0.44825, 0.19699999999999998]  

Precision =  [0.3045346539758398, 0.4389600446281154, 0.3420866037232382, 0.5432799987368953, 0.503559726023893, 0.48675061119659524, 0.5881683126814705, 0.5506503450251541, 0.24235766927098584, 0.5083234594173864]  

Recall =  [0.6956521739130433, 0.7478260869565218, 0.6391304347826088, 0.7608695652173914, 0.7869565217391303, 0.7782608695652173, 0.9565217391304348, 0.8043478260869564, 0.6956521739130435, 0.6695652173913044]  

F1_score =  [0.34299435882713614, 0.49485007566225836, 0.3674831832699931, 0.5717503389211978, 0.5287802008719344, 0.5130528240195854, 0.6204129456423592, 0.5641691932976347, 0.2699838092643828, 0.5297112948307792]  

MSC_average = [0.263225 , 0.0848158630504931 ]

Precision_average = [0.4508671424679574 , 0.11026249457330398 ]

Recall_average = [0.7534782608695652 , 0.08511195784741435 ]

F1_score_average = [0.48031882246072605 , 0.10812884513575588 ]


################### Majority Voting  ###################

MSC =  [0.2975, 0.01, 0.0075, 0.0025, 0.0225, 0.07, 0.0125, 0.0175, 0.5225, 0.0025]  

Precision =  [0.15217391304347827, 0.9130434782608695, 1.0, 1.0, 0.7333333333333333, 0.4489795918367347, 0.8461538461538461, 0.7857142857142857, 0.09210526315789473, 1.0]  

Recall =  [0.9130434782608695, 0.9130434782608695, 0.8695652173913043, 0.9565217391304348, 0.9565217391304348, 0.9565217391304348, 0.9565217391304348, 0.9565217391304348, 0.9130434782608695, 0.9565217391304348]  

F1_score =  [0.26086956521739135, 0.9130434782608695, 0.9302325581395349, 0.9777777777777777, 0.8301886792452831, 0.6111111111111112, 0.8979591836734695, 0.8627450980392156, 0.16733067729083664, 0.9777777777777777]  

MSC_average = [0.09649999999999999 , 0.16565853434097502 ]

Precision_average = [0.6971503711500442 , 0.3282965114588834 ]

Recall_average = [0.9347826086956523 , 0.02916610405434511 ]

F1_score_average = [0.7429035906533267 , 0.2830909110899884 ]


################### Total Robustness ###################

MSC =  [0.0025, 0.0025, 0.0025, 0.005, 0.0025, 0.0175, 0.0025, 0.0025, 0.9425, 0.0025]  

Precision =  [1.0, 1.0, 1.0, 1.0, 1.0, 0.7857142857142857, 1.0, 1.0, 0.0575, 1.0]  

Recall =  [0.9565217391304348, 0.9565217391304348, 0.9565217391304348, 0.9130434782608695, 0.9565217391304348, 0.9565217391304348, 0.9565217391304348, 0.9565217391304348, 1.0, 0.9565217391304348]  

F1_score =  [0.9777777777777777, 0.9777777777777777, 0.9777777777777777, 0.9545454545454545, 0.9777777777777777, 0.8627450980392156, 0.9777777777777777, 0.9777777777777777, 0.10874704491725767, 0.9777777777777777]  

MSC_average = [0.09824999999999999 , 0.2814517054487324 ]

Precision_average = [0.8843214285714286 , 0.2829150576532447 ]

Recall_average = [0.9565217391304349 , 0.019444069369563402 ]

F1_score_average = [0.8770482041946371 , 0.25836451052036635 ]


################### Largest Robustness ###################

MSC =  [0.0025, 0.0025, 0.0025, 0.0575, 0.0025, 0.135, 0.0025, 0.0025, 0.9425, 0.0025]  

Precision =  [1.0, 1.0, 1.0, 0, 1.0, 0.29333333333333333, 1.0, 1.0, 0.0575, 1.0]  

Recall =  [0.9565217391304348, 0.9565217391304348, 0.9565217391304348, 0.0, 0.9565217391304348, 0.9565217391304348, 0.9565217391304348, 0.9565217391304348, 1.0, 0.9565217391304348]  

F1_score =  [0.9777777777777777, 0.9777777777777777, 0.9777777777777777, 0, 0.9777777777777777, 0.44897959183673475, 0.9777777777777777, 0.9777777777777777, 0.10874704491725767, 0.9777777777777777]  

MSC_average = [0.11524999999999999 , 0.27875717479555573 ]

Precision_average = [0.7350833333333333 , 0.41059415789803927 ]

Recall_average = [0.8652173913043478 , 0.28869696175711357 ]

F1_score_average = [0.7402171081198436 , 0.3776957242468359 ]