MSC = [[0.13699999999999998, 0.09, 0.0125, 0.015], [0.14525, 0.09, 0.09, 0.0925], [0.191, 0.09, 0.0125, 0.0125], [0.225, 0.045, 0.015, 0.0175], [0.22549999999999998, 0.0925, 0.0875, 0.09], [0.1805, 0.0925, 0.0125, 0.0125], [0.3095, 0.105, 0.015, 0.015], [0.1515, 0.09, 0.0275, 0.03], [0.10674999999999998, 0.0875, 0.09, 0.09], [0.12325, 0.095, 0.015, 0.015]]

Precision = [[0.8227707091955792, 0.9714285714285714, 0.9848484848484849, 0.9846153846153847], [0.74555749712326, 0.9459459459459459, 0.9459459459459459, 0.9444444444444444], [0.6296737487081548, 0.9459459459459459, 0.9705882352941176, 0.9705882352941176], [0.6582302576442537, 0.9636363636363636, 0.9701492537313433, 0.9696969696969697], [0.7261748888573282, 0.9705882352941176, 0.9473684210526315, 0.9459459459459459], [0.7251561107925257, 0.9705882352941176, 0.9848484848484849, 0.9848484848484849], [0.5491151630659277, 0.7142857142857143, 0.9701492537313433, 0.9701492537313433], [0.8424115718878362, 0.9459459459459459, 0.967741935483871, 0.9672131147540983], [0.8830081236273187, 0.9722222222222222, 0.9459459459459459, 0.9459459459459459], [0.7403350707144518, 0.9428571428571428, 0.9701492537313433, 0.9701492537313433]]

Recall = [[0.5710144927536233, 0.4927536231884058, 0.9420289855072463, 0.927536231884058], [0.49420289855072463, 0.5072463768115942, 0.5072463768115942, 0.4927536231884058], [0.48405797101449277, 0.5072463768115942, 0.9565217391304348, 0.9565217391304348], [0.6130434782608696, 0.7681159420289855, 0.9420289855072463, 0.927536231884058], [0.4884057971014492, 0.4782608695652174, 0.5217391304347826, 0.5072463768115942], [0.5826086956521739, 0.4782608695652174, 0.9420289855072463, 0.9420289855072463], [0.7086956521739131, 0.6521739130434783, 0.9420289855072463, 0.9420289855072463], [0.5391304347826086, 0.5072463768115942, 0.8695652173913043, 0.855072463768116], [0.47681159420289865, 0.5072463768115942, 0.5072463768115942, 0.5072463768115942], [0.4579710144927537, 0.4782608695652174, 0.9420289855072463, 0.9420289855072463]]

F1_score = [[0.6329732240873411, 0.6538461538461539, 0.962962962962963, 0.9552238805970149], [0.5699785731966844, 0.660377358490566, 0.660377358490566, 0.6476190476190476], [0.503234965808534, 0.660377358490566, 0.9635036496350365, 0.9635036496350365], [0.5593302423829289, 0.8548387096774193, 0.9558823529411764, 0.9481481481481481], [0.4969964344021913, 0.6407766990291262, 0.6728971962616822, 0.660377358490566], [0.5825897554872539, 0.6407766990291262, 0.962962962962963, 0.962962962962963], [0.5042528245291422, 0.6818181818181819, 0.9558823529411764, 0.9558823529411764], [0.6006239073763842, 0.660377358490566, 0.9160305343511451, 0.9076923076923077], [0.6106477519947129, 0.6666666666666666, 0.660377358490566, 0.660377358490566], [0.5449477486820671, 0.6346153846153846, 0.9558823529411764, 0.9558823529411764]]

Average and standard deviation for AV, MV, AR, LR

MSC = [0.179525 0.08775  0.03775  0.039   ] +- [0.05782684 0.01497707 0.03391994 0.03426368]

Precision = [0.73224331 0.93434443 0.96577352 0.9653597 ] +- [0.09639837 0.07429488 0.0139184  0.01427338]

Recall = [0.5415942  0.53768116 0.80724638 0.8       ] +- [0.07426755 0.0908431  0.19455408 0.19656791]

F1_score = [0.56055754 0.67544706 0.86667591 0.86176694] +- [0.04546849 0.06125213 0.13300212 0.13549403]


################### Average ###################

MSC =  [0.13699999999999998, 0.14525, 0.191, 0.225, 0.22549999999999998, 0.1805, 0.3095, 0.1515, 0.10674999999999998, 0.12325]  

Precision =  [0.8227707091955792, 0.74555749712326, 0.6296737487081548, 0.6582302576442537, 0.7261748888573282, 0.7251561107925257, 0.5491151630659277, 0.8424115718878362, 0.8830081236273187, 0.7403350707144518]  

Recall =  [0.5710144927536233, 0.49420289855072463, 0.48405797101449277, 0.6130434782608696, 0.4884057971014492, 0.5826086956521739, 0.7086956521739131, 0.5391304347826086, 0.47681159420289865, 0.4579710144927537]  

F1_score =  [0.6329732240873411, 0.5699785731966844, 0.503234965808534, 0.5593302423829289, 0.4969964344021913, 0.5825897554872539, 0.5042528245291422, 0.6006239073763842, 0.6106477519947129, 0.5449477486820671]  

MSC_average = [0.179525 , 0.057826837411361166 ]

Precision_average = [0.7322433141616635 , 0.09639836527695383 ]

Recall_average = [0.5415942028985506 , 0.07426754996029995 ]

F1_score_average = [0.560557542794724 , 0.04546848722517436 ]


################### Majority Voting  ###################

MSC =  [0.09, 0.09, 0.09, 0.045, 0.0925, 0.0925, 0.105, 0.09, 0.0875, 0.095]  

Precision =  [0.9714285714285714, 0.9459459459459459, 0.9459459459459459, 0.9636363636363636, 0.9705882352941176, 0.9705882352941176, 0.7142857142857143, 0.9459459459459459, 0.9722222222222222, 0.9428571428571428]  

Recall =  [0.4927536231884058, 0.5072463768115942, 0.5072463768115942, 0.7681159420289855, 0.4782608695652174, 0.4782608695652174, 0.6521739130434783, 0.5072463768115942, 0.5072463768115942, 0.4782608695652174]  

F1_score =  [0.6538461538461539, 0.660377358490566, 0.660377358490566, 0.8548387096774193, 0.6407766990291262, 0.6407766990291262, 0.6818181818181819, 0.660377358490566, 0.6666666666666666, 0.6346153846153846]  

MSC_average = [0.08775000000000001 , 0.01497706580075016 ]

Precision_average = [0.9343444322856087 , 0.07429488210396333 ]

Recall_average = [0.5376811594202899 , 0.09084309532878154 ]

F1_score_average = [0.6754470570153757 , 0.061252127233370084 ]


################### Total Robustness ###################

MSC =  [0.0125, 0.09, 0.0125, 0.015, 0.0875, 0.0125, 0.015, 0.0275, 0.09, 0.015]  

Precision =  [0.9848484848484849, 0.9459459459459459, 0.9705882352941176, 0.9701492537313433, 0.9473684210526315, 0.9848484848484849, 0.9701492537313433, 0.967741935483871, 0.9459459459459459, 0.9701492537313433]  

Recall =  [0.9420289855072463, 0.5072463768115942, 0.9565217391304348, 0.9420289855072463, 0.5217391304347826, 0.9420289855072463, 0.9420289855072463, 0.8695652173913043, 0.5072463768115942, 0.9420289855072463]  

F1_score =  [0.962962962962963, 0.660377358490566, 0.9635036496350365, 0.9558823529411764, 0.6728971962616822, 0.962962962962963, 0.9558823529411764, 0.9160305343511451, 0.660377358490566, 0.9558823529411764]  

MSC_average = [0.03774999999999999 , 0.03391994251174373 ]

Precision_average = [0.9657735214613512 , 0.013918401132621753 ]

Recall_average = [0.8072463768115942 , 0.19455408437098315 ]

F1_score_average = [0.866675908197845 , 0.13300211511053806 ]


################### Largest Robustness ###################

MSC =  [0.015, 0.0925, 0.0125, 0.0175, 0.09, 0.0125, 0.015, 0.03, 0.09, 0.015]  

Precision =  [0.9846153846153847, 0.9444444444444444, 0.9705882352941176, 0.9696969696969697, 0.9459459459459459, 0.9848484848484849, 0.9701492537313433, 0.9672131147540983, 0.9459459459459459, 0.9701492537313433]  

Recall =  [0.927536231884058, 0.4927536231884058, 0.9565217391304348, 0.927536231884058, 0.5072463768115942, 0.9420289855072463, 0.9420289855072463, 0.855072463768116, 0.5072463768115942, 0.9420289855072463]  

F1_score =  [0.9552238805970149, 0.6476190476190476, 0.9635036496350365, 0.9481481481481481, 0.660377358490566, 0.962962962962963, 0.9558823529411764, 0.9076923076923077, 0.660377358490566, 0.9558823529411764]  

MSC_average = [0.039 , 0.03426368339802363 ]

Precision_average = [0.9653597033008078 , 0.014273380884226517 ]

Recall_average = [0.8 , 0.19656790531230114 ]

F1_score_average = [0.8617669419518001 , 0.1354940272535715 ]