MSC = [[0.18025, 0.09, 0.8275, 0.83], [0.1395, 0.0925, 0.0425, 0.0425], [0.24575, 0.095, 0.1, 0.105], [0.152, 0.0925, 0.015, 0.015], [0.20400000000000001, 0.0925, 0.0225, 0.02], [0.21200000000000002, 0.1125, 0.0375, 0.0425], [0.14525000000000002, 0.0925, 0.035, 0.045], [0.1675, 0.09, 0.095, 0.1], [0.28474999999999995, 0.1075, 0.0925, 0.09], [0.14175, 0.09, 0.0325, 0.0325]]

Precision = [[0.8217180618175398, 0.9714285714285714, 0.1725, 0.17042606516290726], [0.7000499291050545, 0.9444444444444444, 0.8939393939393939, 0.8939393939393939], [0.5983668614687011, 0.9428571428571428, 0.967741935483871, 0.9655172413793104], [0.6706844998537772, 0.9444444444444444, 0.9701492537313433, 0.9701492537313433], [0.7561552077287371, 0.9444444444444444, 0.96875, 0.9841269841269841], [0.5841591225093141, 0.9, 0.8552631578947368, 0.8421052631578947], [0.7469592451739907, 0.9444444444444444, 0.8767123287671232, 0.8805970149253731], [0.7599379378791145, 0.9714285714285714, 0.9428571428571428, 0.9393939393939394], [0.5251360665026987, 0.7954545454545454, 0.9210526315789473, 0.9459459459459459], [0.7820469658408971, 0.9459459459459459, 0.8783783783783784, 0.8783783783783784]]

Recall = [[0.544927536231884, 0.4927536231884058, 1.0, 0.9855072463768116], [0.4942028985507247, 0.4927536231884058, 0.855072463768116, 0.855072463768116], [0.510144927536232, 0.4782608695652174, 0.43478260869565216, 0.4057971014492754], [0.4579710144927537, 0.4927536231884058, 0.9420289855072463, 0.9420289855072463], [0.5260869565217392, 0.4927536231884058, 0.8985507246376812, 0.8985507246376812], [0.49565217391304356, 0.391304347826087, 0.9420289855072463, 0.927536231884058], [0.5289855072463767, 0.4927536231884058, 0.927536231884058, 0.855072463768116], [0.5144927536231885, 0.4927536231884058, 0.4782608695652174, 0.4492753623188406], [0.46811594202898554, 0.5072463768115942, 0.5072463768115942, 0.5072463768115942], [0.5492753623188407, 0.5072463768115942, 0.9420289855072463, 0.9420289855072463]]

F1_score = [[0.5857379910802136, 0.6538461538461539, 0.2942430703624734, 0.29059829059829057], [0.5617032061276677, 0.6476190476190476, 0.8740740740740741, 0.8740740740740741], [0.47232045424107677, 0.6346153846153846, 0.6, 0.5714285714285714], [0.5206380673735365, 0.6476190476190476, 0.9558823529411764, 0.9558823529411764], [0.5635876571084791, 0.6476190476190476, 0.9323308270676692, 0.9393939393939393], [0.48177617050795557, 0.5454545454545454, 0.8965517241379309, 0.882758620689655], [0.5957492555461178, 0.6476190476190476, 0.9014084507042253, 0.8676470588235295], [0.5686878912530522, 0.6538461538461539, 0.6346153846153846, 0.6078431372549019], [0.41912463058611155, 0.6194690265486726, 0.6542056074766355, 0.660377358490566], [0.6104700943508714, 0.660377358490566, 0.9090909090909092, 0.9090909090909092]]

Average and standard deviation for AV, MV, AR, LR

MSC = [0.187275 0.0955   0.13     0.13225 ] +- [0.04649468 0.00748331 0.23442749 0.23461524]

Precision = [0.69452139 0.93048926 0.84473442 0.84705795] +- [0.09240302 0.04866917 0.22765714 0.2298773 ]

Recall = [0.50898551 0.48405797 0.79275362 0.77681159] +- [0.02882419 0.03188406 0.21251042 0.21576201]

F1_score = [0.53797954 0.63580848 0.76524024 0.75590943] +- [0.05910316 0.03200709 0.20276099 0.20524543]


################### Average ###################

MSC =  [0.18025, 0.1395, 0.24575, 0.152, 0.20400000000000001, 0.21200000000000002, 0.14525000000000002, 0.1675, 0.28474999999999995, 0.14175]  

Precision =  [0.8217180618175398, 0.7000499291050545, 0.5983668614687011, 0.6706844998537772, 0.7561552077287371, 0.5841591225093141, 0.7469592451739907, 0.7599379378791145, 0.5251360665026987, 0.7820469658408971]  

Recall =  [0.544927536231884, 0.4942028985507247, 0.510144927536232, 0.4579710144927537, 0.5260869565217392, 0.49565217391304356, 0.5289855072463767, 0.5144927536231885, 0.46811594202898554, 0.5492753623188407]  

F1_score =  [0.5857379910802136, 0.5617032061276677, 0.47232045424107677, 0.5206380673735365, 0.5635876571084791, 0.48177617050795557, 0.5957492555461178, 0.5686878912530522, 0.41912463058611155, 0.6104700943508714]  

MSC_average = [0.187275 , 0.046494683835896757 ]

Precision_average = [0.6945213897879825 , 0.09240301616438412 ]

Recall_average = [0.5089855072463767 , 0.028824188773200553 ]

F1_score_average = [0.5379795418175082 , 0.05910315679945658 ]


################### Majority Voting  ###################

MSC =  [0.09, 0.0925, 0.095, 0.0925, 0.0925, 0.1125, 0.0925, 0.09, 0.1075, 0.09]  

Precision =  [0.9714285714285714, 0.9444444444444444, 0.9428571428571428, 0.9444444444444444, 0.9444444444444444, 0.9, 0.9444444444444444, 0.9714285714285714, 0.7954545454545454, 0.9459459459459459]  

Recall =  [0.4927536231884058, 0.4927536231884058, 0.4782608695652174, 0.4927536231884058, 0.4927536231884058, 0.391304347826087, 0.4927536231884058, 0.4927536231884058, 0.5072463768115942, 0.5072463768115942]  

F1_score =  [0.6538461538461539, 0.6476190476190476, 0.6346153846153846, 0.6476190476190476, 0.6476190476190476, 0.5454545454545454, 0.6476190476190476, 0.6538461538461539, 0.6194690265486726, 0.660377358490566]  

MSC_average = [0.0955 , 0.007483314773547883 ]

Precision_average = [0.9304892554892554 , 0.04866917495347993 ]

Recall_average = [0.48405797101449277 , 0.0318840579710145 ]

F1_score_average = [0.6358084813277666 , 0.032007089651060416 ]


################### Total Robustness ###################

MSC =  [0.8275, 0.0425, 0.1, 0.015, 0.0225, 0.0375, 0.035, 0.095, 0.0925, 0.0325]  

Precision =  [0.1725, 0.8939393939393939, 0.967741935483871, 0.9701492537313433, 0.96875, 0.8552631578947368, 0.8767123287671232, 0.9428571428571428, 0.9210526315789473, 0.8783783783783784]  

Recall =  [1.0, 0.855072463768116, 0.43478260869565216, 0.9420289855072463, 0.8985507246376812, 0.9420289855072463, 0.927536231884058, 0.4782608695652174, 0.5072463768115942, 0.9420289855072463]  

F1_score =  [0.2942430703624734, 0.8740740740740741, 0.6, 0.9558823529411764, 0.9323308270676692, 0.8965517241379309, 0.9014084507042253, 0.6346153846153846, 0.6542056074766355, 0.9090909090909092]  

MSC_average = [0.13 , 0.23442749412131675 ]

Precision_average = [0.8447344222630937 , 0.22765713988954395 ]

Recall_average = [0.7927536231884058 , 0.21251042451912935 ]

F1_score_average = [0.7652402400470477 , 0.20276099196073816 ]


################### Largest Robustness ###################

MSC =  [0.83, 0.0425, 0.105, 0.015, 0.02, 0.0425, 0.045, 0.1, 0.09, 0.0325]  

Precision =  [0.17042606516290726, 0.8939393939393939, 0.9655172413793104, 0.9701492537313433, 0.9841269841269841, 0.8421052631578947, 0.8805970149253731, 0.9393939393939394, 0.9459459459459459, 0.8783783783783784]  

Recall =  [0.9855072463768116, 0.855072463768116, 0.4057971014492754, 0.9420289855072463, 0.8985507246376812, 0.927536231884058, 0.855072463768116, 0.4492753623188406, 0.5072463768115942, 0.9420289855072463]  

F1_score =  [0.29059829059829057, 0.8740740740740741, 0.5714285714285714, 0.9558823529411764, 0.9393939393939393, 0.882758620689655, 0.8676470588235295, 0.6078431372549019, 0.660377358490566, 0.9090909090909092]  

MSC_average = [0.13225 , 0.23461524353715807 ]

Precision_average = [0.847057948014147 , 0.22987729512618388 ]

Recall_average = [0.7768115942028985 , 0.21576201036459625 ]

F1_score_average = [0.7559094312785614 , 0.20524542527940984 ]