MSC = [[0.24724999999999997, 0.0375, 0.0025, 0.0025], [0.17575000000000002, 0.0075, 0.0075, 0.0075], [0.25025, 0.185, 0.0025, 0.0025], [0.3075, 0.0925, 0.0075, 0.0075], [0.17875000000000002, 0.0225, 0.0025, 0.0025], [0.19125, 0.0075, 0.0575, 0.0575], [0.189, 0.0225, 0.0025, 0.0025], [0.2819999999999999, 0.005, 0.0025, 0.005], [0.10600000000000001, 0.0075, 0.01, 0.0075], [0.1865, 0.0175, 0.0025, 0.0025]]

Precision = [[0.48292637232540414, 0.6052631578947368, 1.0, 1.0], [0.6220395500813851, 0.8846153846153846, 0.8846153846153846, 0.8846153846153846], [0.4764043120615942, 0.23157894736842105, 1.0, 1.0], [0.4479668703419467, 0.38333333333333336, 0.8846153846153846, 0.8846153846153846], [0.4185572038349479, 0.7333333333333333, 1.0, 1.0], [0.5654989522386821, 0.9166666666666666, 0, 0], [0.4165335811795826, 0.9375, 1.0, 1.0], [0.6093452403608227, 0.9565217391304348, 1.0, 0.9565217391304348], [0.5868670077769093, 0.8846153846153846, 0.8518518518518519, 0.8846153846153846], [0.48336098460069293, 0.7857142857142857, 1.0, 1.0]]

Recall = [[0.8652173913043478, 1.0, 0.9565217391304348, 0.9565217391304348], [0.9173913043478261, 1.0, 1.0, 1.0], [0.9, 0.9565217391304348, 0.9565217391304348, 0.9565217391304348], [0.8434782608695652, 1.0, 1.0, 1.0], [0.8391304347826086, 0.9565217391304348, 0.9565217391304348, 0.9565217391304348], [0.7956521739130434, 0.9565217391304348, 0.0, 0.0], [0.6217391304347826, 0.6521739130434783, 0.9565217391304348, 0.9565217391304348], [0.8956521739130435, 0.9565217391304348, 0.9565217391304348, 0.9565217391304348], [0.9130434782608695, 1.0, 1.0, 1.0], [0.8652173913043478, 0.9565217391304348, 0.9565217391304348, 0.9565217391304348]]

F1_score = [[0.5476865440307469, 0.7540983606557378, 0.9777777777777777, 0.9777777777777777], [0.6776670939971365, 0.9387755102040816, 0.9387755102040816, 0.9387755102040816], [0.5241802220548823, 0.3728813559322034, 0.9777777777777777, 0.9777777777777777], [0.5030260731226679, 0.5542168674698795, 0.9387755102040816, 0.9387755102040816], [0.4966340727960506, 0.8301886792452831, 0.9777777777777777, 0.9777777777777777], [0.5705755852093602, 0.9361702127659574, 0, 0], [0.44032284928466076, 0.7692307692307693, 0.9777777777777777, 0.9777777777777777], [0.6232250111565254, 0.9565217391304348, 0.9777777777777777, 0.9565217391304348], [0.6598789408137236, 0.9387755102040816, 0.92, 0.9387755102040816], [0.5187862310129414, 0.8627450980392156, 0.9777777777777777, 0.9777777777777777]]

Average and standard deviation for AV, MV, AR, LR

MSC = [0.211425 0.0405   0.00975  0.00975 ] +- [0.05655794 0.05412717 0.01614195 0.01606432]

Precision = [0.51095001 0.73191422 0.86210826 0.86103679] +- [0.07410745 0.23754237 0.29299041 0.29132859]

Recall = [0.84565217 0.94347826 0.87391304 0.87391304] +- [0.0828201  0.09924098 0.29195256 0.29195256]

F1_score = [0.55619826 0.79136041 0.86642177 0.86617372] +- [0.07245909 0.18208623 0.28955628 0.28922484]


################### Average ###################

MSC =  [0.24724999999999997, 0.17575000000000002, 0.25025, 0.3075, 0.17875000000000002, 0.19125, 0.189, 0.2819999999999999, 0.10600000000000001, 0.1865]  

Precision =  [0.48292637232540414, 0.6220395500813851, 0.4764043120615942, 0.4479668703419467, 0.4185572038349479, 0.5654989522386821, 0.4165335811795826, 0.6093452403608227, 0.5868670077769093, 0.48336098460069293]  

Recall =  [0.8652173913043478, 0.9173913043478261, 0.9, 0.8434782608695652, 0.8391304347826086, 0.7956521739130434, 0.6217391304347826, 0.8956521739130435, 0.9130434782608695, 0.8652173913043478]  

F1_score =  [0.5476865440307469, 0.6776670939971365, 0.5241802220548823, 0.5030260731226679, 0.4966340727960506, 0.5705755852093602, 0.44032284928466076, 0.6232250111565254, 0.6598789408137236, 0.5187862310129414]  

MSC_average = [0.21142500000000003 , 0.05655794042395815 ]

Precision_average = [0.5109500074801968 , 0.07410744719969997 ]

Recall_average = [0.8456521739130434 , 0.08282009564088885 ]

F1_score_average = [0.5561982623478696 , 0.07245909376741744 ]


################### Majority Voting  ###################

MSC =  [0.0375, 0.0075, 0.185, 0.0925, 0.0225, 0.0075, 0.0225, 0.005, 0.0075, 0.0175]  

Precision =  [0.6052631578947368, 0.8846153846153846, 0.23157894736842105, 0.38333333333333336, 0.7333333333333333, 0.9166666666666666, 0.9375, 0.9565217391304348, 0.8846153846153846, 0.7857142857142857]  

Recall =  [1.0, 1.0, 0.9565217391304348, 1.0, 0.9565217391304348, 0.9565217391304348, 0.6521739130434783, 0.9565217391304348, 1.0, 0.9565217391304348]  

F1_score =  [0.7540983606557378, 0.9387755102040816, 0.3728813559322034, 0.5542168674698795, 0.8301886792452831, 0.9361702127659574, 0.7692307692307693, 0.9565217391304348, 0.9387755102040816, 0.8627450980392156]  

MSC_average = [0.040499999999999994 , 0.05412716508371744 ]

Precision_average = [0.7319142232671981 , 0.2375423710755173 ]

Recall_average = [0.9434782608695652 , 0.09924097574359414 ]

F1_score_average = [0.7913604102877644 , 0.182086225484458 ]


################### Total Robustness ###################

MSC =  [0.0025, 0.0075, 0.0025, 0.0075, 0.0025, 0.0575, 0.0025, 0.0025, 0.01, 0.0025]  

Precision =  [1.0, 0.8846153846153846, 1.0, 0.8846153846153846, 1.0, 0, 1.0, 1.0, 0.8518518518518519, 1.0]  

Recall =  [0.9565217391304348, 1.0, 0.9565217391304348, 1.0, 0.9565217391304348, 0.0, 0.9565217391304348, 0.9565217391304348, 1.0, 0.9565217391304348]  

F1_score =  [0.9777777777777777, 0.9387755102040816, 0.9777777777777777, 0.9387755102040816, 0.9777777777777777, 0, 0.9777777777777777, 0.9777777777777777, 0.92, 0.9777777777777777]  

MSC_average = [0.00975 , 0.01614194845735793 ]

Precision_average = [0.8621082621082621 , 0.29299040580650404 ]

Recall_average = [0.8739130434782609 , 0.2919525558991225 ]

F1_score_average = [0.866421768707483 , 0.2895562813188711 ]


################### Largest Robustness ###################

MSC =  [0.0025, 0.0075, 0.0025, 0.0075, 0.0025, 0.0575, 0.0025, 0.005, 0.0075, 0.0025]  

Precision =  [1.0, 0.8846153846153846, 1.0, 0.8846153846153846, 1.0, 0, 1.0, 0.9565217391304348, 0.8846153846153846, 1.0]  

Recall =  [0.9565217391304348, 1.0, 0.9565217391304348, 1.0, 0.9565217391304348, 0.0, 0.9565217391304348, 0.9565217391304348, 1.0, 0.9565217391304348]  

F1_score =  [0.9777777777777777, 0.9387755102040816, 0.9777777777777777, 0.9387755102040816, 0.9777777777777777, 0, 0.9777777777777777, 0.9565217391304348, 0.9387755102040816, 0.9777777777777777]  

MSC_average = [0.00975 , 0.016064323826417346 ]

Precision_average = [0.8610367892976589 , 0.29132858566978564 ]

Recall_average = [0.8739130434782609 , 0.2919525558991225 ]

F1_score_average = [0.8661737158631567 , 0.2892248374818926 ]