MSC = [[0.26, 0.07, 0.015, 0.0175], [0.242, 0.0925, 0.09, 0.0925], [0.22949999999999998, 0.0925, 0.105, 0.105], [0.21549999999999997, 0.095, 0.03, 0.03], [0.094, 0.0925, 0.0925, 0.0925], [0.1775, 0.0925, 0.0175, 0.0175], [0.16924999999999998, 0.1, 0.0225, 0.0225], [0.233, 0.0875, 0.0175, 0.015], [0.21025, 0.0875, 0.0375, 0.04], [0.16699999999999998, 0.0925, 0.0225, 0.025]]

Precision = [[0.6295229283998702, 0.9361702127659575, 0.9701492537313433, 0.9696969696969697], [0.6939772560819157, 0.9444444444444444, 0.9459459459459459, 0.9444444444444444], [0.718747749661835, 0.9444444444444444, 0.9354838709677419, 0.9354838709677419], [0.5985476013819241, 0.8974358974358975, 0.9672131147540983, 0.9672131147540983], [0.9601876069618005, 0.9444444444444444, 0.9444444444444444, 0.9444444444444444], [0.6631905000934799, 0.9705882352941176, 0.9558823529411765, 0.9558823529411765], [0.7366956288672841, 0.9393939393939394, 0.96875, 0.96875], [0.6750452694298382, 0.9722222222222222, 0.9558823529411765, 0.9701492537313433], [0.684452444847989, 0.9722222222222222, 0.9655172413793104, 0.9649122807017544], [0.7307552696683132, 0.9705882352941176, 0.96875, 0.9682539682539683]]

Recall = [[0.6507246376811595, 0.6376811594202898, 0.9420289855072463, 0.927536231884058], [0.6202898550724638, 0.4927536231884058, 0.5072463768115942, 0.4927536231884058], [0.5144927536231885, 0.4927536231884058, 0.42028985507246375, 0.42028985507246375], [0.5681159420289855, 0.5072463768115942, 0.855072463768116, 0.855072463768116], [0.4753623188405798, 0.4927536231884058, 0.4927536231884058, 0.4927536231884058], [0.527536231884058, 0.4782608695652174, 0.9420289855072463, 0.9420289855072463], [0.5072463768115943, 0.4492753623188406, 0.8985507246376812, 0.8985507246376812], [0.5362318840579711, 0.5072463768115942, 0.9420289855072463, 0.9420289855072463], [0.4608695652173913, 0.5072463768115942, 0.8115942028985508, 0.7971014492753623], [0.4449275362318842, 0.4782608695652174, 0.8985507246376812, 0.8840579710144928]]

F1_score = [[0.5623072218367314, 0.7586206896551724, 0.9558823529411764, 0.9481481481481481], [0.5465839770143652, 0.6476190476190476, 0.660377358490566, 0.6476190476190476], [0.5241814647594487, 0.6476190476190476, 0.58, 0.58], [0.5074479778797504, 0.6481481481481483, 0.9076923076923077, 0.9076923076923077], [0.634320690540367, 0.6476190476190476, 0.6476190476190476, 0.6476190476190476], [0.5504822889992063, 0.6407766990291262, 0.9489051094890512, 0.9489051094890512], [0.5431771874258591, 0.6078431372549019, 0.9323308270676692, 0.9323308270676692], [0.5037656697967147, 0.6666666666666666, 0.9489051094890512, 0.9558823529411764], [0.4772645865754634, 0.6666666666666666, 0.8818897637795277, 0.8730158730158731], [0.48475865868339724, 0.6407766990291262, 0.9323308270676692, 0.9242424242424243]]

Average and standard deviation for AV, MV, AR, LR

MSC = [0.1998  0.09025 0.045   0.04575] +- [0.04630872 0.00753741 0.03404042 0.03416961]

Precision = [0.70911223 0.94919543 0.95780186 0.95892307] +- [0.09328799 0.02233441 0.01168215 0.01228103]

Recall = [0.53057971 0.50434783 0.77101449 0.76521739] +- [0.06323044 0.04753977 0.19974779 0.19932674]

F1_score = [0.53342897 0.65723558 0.83959327 0.83654551] +- [0.04328472 0.03714599 0.14050246 0.14134378]


################### Average ###################

MSC =  [0.26, 0.242, 0.22949999999999998, 0.21549999999999997, 0.094, 0.1775, 0.16924999999999998, 0.233, 0.21025, 0.16699999999999998]  

Precision =  [0.6295229283998702, 0.6939772560819157, 0.718747749661835, 0.5985476013819241, 0.9601876069618005, 0.6631905000934799, 0.7366956288672841, 0.6750452694298382, 0.684452444847989, 0.7307552696683132]  

Recall =  [0.6507246376811595, 0.6202898550724638, 0.5144927536231885, 0.5681159420289855, 0.4753623188405798, 0.527536231884058, 0.5072463768115943, 0.5362318840579711, 0.4608695652173913, 0.4449275362318842]  

F1_score =  [0.5623072218367314, 0.5465839770143652, 0.5241814647594487, 0.5074479778797504, 0.634320690540367, 0.5504822889992063, 0.5431771874258591, 0.5037656697967147, 0.4772645865754634, 0.48475865868339724]  

MSC_average = [0.1998 , 0.046308719481324465 ]

Precision_average = [0.7091122255394249 , 0.09328798570277404 ]

Recall_average = [0.5305797101449277 , 0.06323044074526919 ]

F1_score_average = [0.5334289723511304 , 0.04328471692982382 ]


################### Majority Voting  ###################

MSC =  [0.07, 0.0925, 0.0925, 0.095, 0.0925, 0.0925, 0.1, 0.0875, 0.0875, 0.0925]  

Precision =  [0.9361702127659575, 0.9444444444444444, 0.9444444444444444, 0.8974358974358975, 0.9444444444444444, 0.9705882352941176, 0.9393939393939394, 0.9722222222222222, 0.9722222222222222, 0.9705882352941176]  

Recall =  [0.6376811594202898, 0.4927536231884058, 0.4927536231884058, 0.5072463768115942, 0.4927536231884058, 0.4782608695652174, 0.4492753623188406, 0.5072463768115942, 0.5072463768115942, 0.4782608695652174]  

F1_score =  [0.7586206896551724, 0.6476190476190476, 0.6476190476190476, 0.6481481481481483, 0.6476190476190476, 0.6407766990291262, 0.6078431372549019, 0.6666666666666666, 0.6666666666666666, 0.6407766990291262]  

MSC_average = [0.09025 , 0.007537406715840667 ]

Precision_average = [0.9491954297961807 , 0.022334414837624956 ]

Recall_average = [0.5043478260869565 , 0.04753976657059918 ]

F1_score_average = [0.6572355849306952 , 0.03714599396965679 ]


################### Total Robustness ###################

MSC =  [0.015, 0.09, 0.105, 0.03, 0.0925, 0.0175, 0.0225, 0.0175, 0.0375, 0.0225]  

Precision =  [0.9701492537313433, 0.9459459459459459, 0.9354838709677419, 0.9672131147540983, 0.9444444444444444, 0.9558823529411765, 0.96875, 0.9558823529411765, 0.9655172413793104, 0.96875]  

Recall =  [0.9420289855072463, 0.5072463768115942, 0.42028985507246375, 0.855072463768116, 0.4927536231884058, 0.9420289855072463, 0.8985507246376812, 0.9420289855072463, 0.8115942028985508, 0.8985507246376812]  

F1_score =  [0.9558823529411764, 0.660377358490566, 0.58, 0.9076923076923077, 0.6476190476190476, 0.9489051094890512, 0.9323308270676692, 0.9489051094890512, 0.8818897637795277, 0.9323308270676692]  

MSC_average = [0.045 , 0.03404041715373065 ]

Precision_average = [0.9578018577105236 , 0.011682146182415995 ]

Recall_average = [0.7710144927536232 , 0.19974779309008753 ]

F1_score_average = [0.8395932703636066 , 0.14050245529701605 ]


################### Largest Robustness ###################

MSC =  [0.0175, 0.0925, 0.105, 0.03, 0.0925, 0.0175, 0.0225, 0.015, 0.04, 0.025]  

Precision =  [0.9696969696969697, 0.9444444444444444, 0.9354838709677419, 0.9672131147540983, 0.9444444444444444, 0.9558823529411765, 0.96875, 0.9701492537313433, 0.9649122807017544, 0.9682539682539683]  

Recall =  [0.927536231884058, 0.4927536231884058, 0.42028985507246375, 0.855072463768116, 0.4927536231884058, 0.9420289855072463, 0.8985507246376812, 0.9420289855072463, 0.7971014492753623, 0.8840579710144928]  

F1_score =  [0.9481481481481481, 0.6476190476190476, 0.58, 0.9076923076923077, 0.6476190476190476, 0.9489051094890512, 0.9323308270676692, 0.9558823529411764, 0.8730158730158731, 0.9242424242424243]  

MSC_average = [0.04575 , 0.03416961369404108 ]

Precision_average = [0.9589230699935941 , 0.012281030191387104 ]

Recall_average = [0.7652173913043478 , 0.19932673909512108 ]

F1_score_average = [0.8365455137834745 , 0.14134378498279754 ]